2.762563526630401611e-03 -1.932964543811976910e-03 9.999943375587463379e-01 1.538634657859802246e+00 -9.999576210975646973e-01 -8.787130005657672882e-03 2.745476784184575081e-03 -2.439434081315994263e-02 8.781773038208484650e-03 -9.999595284461975098e-01 -1.957157626748085022e-03 2.115094184875488281e+00 0.000000000000000000e+00 0.000000000000000000e+00 0.000000000000000000e+00 1.000000000000000000e+00
3.960860893130302429e-03 2.202377188950777054e-03 9.999897480010986328e-01 2.003964424133300781e+00 -9.999516606330871582e-01 -8.991963230073451996e-03 3.980514127761125565e-03 -2.420745603740215302e-02 9.000637568533420563e-03 -9.999571442604064941e-01 2.166654914617538452e-03 2.115883588790893555e+00 0.000000000000000000e+00 0.000000000000000000e+00 0.000000000000000000e+00 1.000000000000000000e+00
4.692363552749156952e-03 5.182714201509952545e-03 9.999755620956420898e-01 2.474165916442871094e+00 -9.999460577964782715e-01 -9.244805201888084412e-03 4.740139469504356384e-03 -2.219212241470813751e-02 9.269146248698234558e-03 -9.999438524246215820e-01 5.139054264873266220e-03 2.119127035140991211e+00 0.000000000000000000e+00 0.000000000000000000e+00 0.000000000000000000e+00 1.000000000000000000e+00
5.264652427285909653e-03 6.813853979110717773e-03 9.999629259109497070e-01 2.951728582382202148e+00 -9.999586939811706543e-01 -7.371789775788784027e-03 5.314862355589866638e-03 -2.101220935583114624e-02 7.407731376588344574e-03 -9.999496340751647949e-01 6.774762645363807678e-03 2.122678995132446289e+00 0.000000000000000000e+00 0.000000000000000000e+00 0.000000000000000000e+00 1.000000000000000000e+00
6.861145608127117157e-03 9.513851255178451538e-03 9.999312162399291992e-01 3.433259487152099609e+00 -9.999456405639648438e-01 -7.783128879964351654e-03 6.935297045856714249e-03 -2.088684774935245514e-02 7.848574779927730560e-03 -9.999244809150695801e-01 9.459933266043663025e-03 2.127428054809570312e+00 0.000000000000000000e+00 0.000000000000000000e+00 0.000000000000000000e+00 1.000000000000000000e+00
8.257882669568061829e-03 1.269337162375450134e-02 9.998853206634521484e-01 3.918037652969360352e+00 -9.999300837516784668e-01 -8.359923027455806732e-03 8.364379405975341797e-03 -1.627003215253353119e-02 8.465137332677841187e-03 -9.998844861984252930e-01 1.262344885617494583e-02 2.134285211563110352e+00 0.000000000000000000e+00 0.000000000000000000e+00 0.000000000000000000e+00 1.000000000000000000e+00
8.798151277005672455e-03 1.595880091190338135e-02 9.998339414596557617e-01 4.406074047088623047e+00 -9.999241232872009277e-01 -8.479884825646877289e-03 8.934296667575836182e-03 -7.766994182020425797e-03 8.621057495474815369e-03 -9.998366832733154297e-01 1.588298380374908447e-02 2.141574859619140625e+00 0.000000000000000000e+00 0.000000000000000000e+00 0.000000000000000000e+00 1.000000000000000000e+00
1.045286934822797775e-02 2.020168304443359375e-02 9.997412562370300293e-01 4.897584915161132812e+00 -9.998969435691833496e-01 -9.628236293792724609e-03 1.064905337989330292e-02 -1.135136815719306469e-03 9.840874001383781433e-03 -9.997495412826538086e-01 2.009896002709865570e-02 2.151793956756591797e+00 0.000000000000000000e+00 0.000000000000000000e+00 0.000000000000000000e+00 1.000000000000000000e+00
1.475673168897628784e-02 2.339344099164009094e-02 9.996173977851867676e-01 5.393056869506835938e+00 -9.998540878295898438e-01 -8.259575814008712769e-03 1.495351921766996384e-02 6.169256754219532013e-03 8.606229908764362335e-03 -9.996922016143798828e-01 2.326814271509647369e-02 2.163518428802490234e+00 0.000000000000000000e+00 0.000000000000000000e+00 0.000000000000000000e+00 1.000000000000000000e+00
2.222007326781749725e-02 2.490931190550327301e-02 9.994427561759948730e-01 5.894904613494873047e+00 -9.997426271438598633e-01 -4.021846689283847809e-03 2.232697792351245880e-02 1.641632430255413055e-02 4.575754981487989426e-03 -9.996816515922546387e-01 2.481353469192981720e-02 2.175985097885131836e+00 0.000000000000000000e+00 0.000000000000000000e+00 0.000000000000000000e+00 1.000000000000000000e+00
3.377427533268928528e-02 2.486146055161952972e-02 9.991202354431152344e-01 6.402118682861328125e+00 -9.994277358055114746e-01 -1.029497710987925529e-03 3.381028771400451660e-02 3.563937172293663025e-02 1.869164989329874516e-03 -9.996903538703918457e-01 2.481246180832386017e-02 2.189382314682006836e+00 0.000000000000000000e+00 0.000000000000000000e+00 0.000000000000000000e+00 1.000000000000000000e+00
4.860515892505645752e-02 2.425736747682094574e-02 9.985234737396240234e-01 6.912331104278564453e+00 -9.988168478012084961e-01 -3.908051876351237297e-04 4.862893000245094299e-02 7.244529575109481812e-02 1.569838030263781548e-03 -9.997056722640991211e-01 2.420967258512973785e-02 2.202182769775390625e+00 0.000000000000000000e+00 0.000000000000000000e+00 0.000000000000000000e+00 1.000000000000000000e+00
6.543075293302536011e-02 2.450914122164249420e-02 9.975560903549194336e-01 7.422833919525146484e+00 -9.978450536727905273e-01 -3.312807064503431320e-03 6.553109735250473022e-02 1.303387284278869629e-01 4.910821560770273209e-03 -9.996941089630126953e-01 2.423956617712974548e-02 2.217321157455444336e+00 0.000000000000000000e+00 0.000000000000000000e+00 0.000000000000000000e+00 1.000000000000000000e+00
8.463402092456817627e-02 2.406081557273864746e-02 9.961215853691101074e-01 7.936020851135253906e+00 -9.963452816009521484e-01 -9.532026015222072601e-03 8.488327264785766602e-02 2.055763453245162964e-01 1.153741776943206787e-02 -9.996650815010070801e-01 2.316614799201488495e-02 2.231056928634643555e+00 0.000000000000000000e+00 0.000000000000000000e+00 0.000000000000000000e+00 1.000000000000000000e+00
1.051871329545974731e-01 2.329370006918907166e-02 9.941796064376831055e-01 8.450566291809082031e+00 -9.943146109580993652e-01 -1.417960599064826965e-02 1.055336520075798035e-01 2.926796376705169678e-01 1.655534468591213226e-02 -9.996281266212463379e-01 2.166975475847721100e-02 2.245201349258422852e+00 0.000000000000000000e+00 0.000000000000000000e+00 0.000000000000000000e+00 1.000000000000000000e+00
1.264154314994812012e-01 2.460852265357971191e-02 9.916720986366271973e-01 8.963990211486816406e+00 -9.917242527008056641e-01 -1.944811642169952393e-02 1.269046813249588013e-01 3.912443518638610840e-01 2.240909263491630554e-02 -9.995079636573791504e-01 2.194632589817047119e-02 2.258298158645629883e+00 0.000000000000000000e+00 0.000000000000000000e+00 0.000000000000000000e+00 1.000000000000000000e+00
1.479815989732742310e-01 2.650195732712745667e-02 9.886349439620971680e-01 9.476716041564941406e+00 -9.886227846145629883e-01 -2.327784709632396698e-02 1.486037820577621460e-01 5.005623698234558105e-01 2.695158496499061584e-02 -9.993777275085449219e-01 2.275574579834938049e-02 2.271264791488647461e+00 0.000000000000000000e+00 0.000000000000000000e+00 0.000000000000000000e+00 1.000000000000000000e+00
1.698248386383056641e-01 2.725772000849246979e-02 9.850972294807434082e-01 9.991078376770019531e+00 -9.850326776504516602e-01 -2.522740326821804047e-02 1.705117523670196533e-01 6.189951896667480469e-01 2.949920669198036194e-02 -9.993100762367248535e-01 2.256550453603267670e-02 2.283757686614990234e+00 0.000000000000000000e+00 0.000000000000000000e+00 0.000000000000000000e+00 1.000000000000000000e+00
1.915960013866424561e-01 2.597323618829250336e-02 9.811301231384277344e-01 1.050949001312255859e+01 -9.809224009513854980e-01 -2.843837626278400421e-02 1.923082768917083740e-01 7.499990463256835938e-01 3.289661556482315063e-02 -9.992580413818359375e-01 2.002905122935771942e-02 2.296790599822998047e+00 0.000000000000000000e+00 0.000000000000000000e+00 0.000000000000000000e+00 1.000000000000000000e+00
2.132619619369506836e-01 2.586465887725353241e-02 9.766526222229003906e-01 1.102695846557617188e+01 -9.763315320014953613e-01 -3.119413368403911591e-02 2.140179574489593506e-01 8.937343955039978027e-01 3.600133210420608521e-02 -9.991786479949951172e-01 1.859996095299720764e-02 2.307666063308715820e+00 0.000000000000000000e+00 0.000000000000000000e+00 0.000000000000000000e+00 1.000000000000000000e+00
2.346373349428176880e-01 2.751825377345085144e-02 9.716933965682983398e-01 1.154148864746093750e+01 -9.711973071098327637e-01 -3.602392971515655518e-02 2.355377525091171265e-01 1.053000807762145996e+00 4.148580133914947510e-02 -9.989719986915588379e-01 1.827309653162956238e-02 2.318224191665649414e+00 0.000000000000000000e+00 0.000000000000000000e+00 0.000000000000000000e+00 1.000000000000000000e+00
2.555831074714660645e-01 3.109183534979820251e-02 9.662870168685913086e-01 1.205161285400390625e+01 -9.655027389526367188e-01 -4.329356923699378967e-02 2.567687034606933594e-01 1.229535222053527832e+00 4.981742426753044128e-02 -9.985784888267517090e-01 1.895414665341377258e-02 2.329115867614746094e+00 0.000000000000000000e+00 0.000000000000000000e+00 0.000000000000000000e+00 1.000000000000000000e+00
2.765507102012634277e-01 3.209739923477172852e-02 9.604631662368774414e-01 1.256505966186523438e+01 -9.594366550445556641e-01 -4.775104671716690063e-02 2.778509259223937988e-01 1.415875315666198730e+00 5.478141084313392639e-02 -9.983434081077575684e-01 1.758983545005321503e-02 2.339949131011962891e+00 0.000000000000000000e+00 0.000000000000000000e+00 0.000000000000000000e+00 1.000000000000000000e+00
2.976588010787963867e-01 2.770016901195049286e-02 9.542703628540039062e-01 1.308933925628662109e+01 -9.533035755157470703e-01 -4.488299787044525146e-02 2.986600697040557861e-01 1.598461627960205078e+00 5.110344663262367249e-02 -9.986081123352050781e-01 1.304685045033693314e-02 2.347573757171630859e+00 0.000000000000000000e+00 0.000000000000000000e+00 0.000000000000000000e+00 1.000000000000000000e+00
3.185480833053588867e-01 2.478740923106670380e-02 9.475825428962707520e-01 1.361333751678466797e+01 -9.467200636863708496e-01 -4.168504849076271057e-02 3.193485736846923828e-01 1.785666227340698242e+00 4.741584882140159607e-02 -9.988232851028442383e-01 1.018804498016834259e-02 2.352992296218872070e+00 0.000000000000000000e+00 0.000000000000000000e+00 0.000000000000000000e+00 1.000000000000000000e+00
3.388813436031341553e-01 2.339940704405307770e-02 9.405381083488464355e-01 1.413202667236328125e+01 -9.398276209831237793e-01 -3.769515082240104675e-02 3.395631611347198486e-01 1.988317489624023438e+00 4.339930042624473572e-02 -9.990152716636657715e-01 9.217225946485996246e-03 2.358122825622558594e+00 0.000000000000000000e+00 0.000000000000000000e+00 0.000000000000000000e+00 1.000000000000000000e+00
3.588894009590148926e-01 2.471424825489521027e-02 9.330528378486633301e-01 1.464433383941650391e+01 -9.322704076766967773e-01 -3.923971578478813171e-02 3.596277832984924316e-01 2.212508916854858398e+00 4.550065845251083374e-02 -9.989241361618041992e-01 8.957644924521446228e-03 2.363048315048217773e+00 0.000000000000000000e+00 0.000000000000000000e+00 0.000000000000000000e+00 1.000000000000000000e+00
3.781888484954833984e-01 2.757135964930057526e-02 9.253177642822265625e-01 1.515089702606201172e+01 -9.243280887603759766e-01 -4.371233284473419189e-02 3.790868222713470459e-01 2.455971479415893555e+00 5.089973658323287964e-02 -9.986636042594909668e-01 8.953464217483997345e-03 2.369002819061279297e+00 0.000000000000000000e+00 0.000000000000000000e+00 0.000000000000000000e+00 1.000000000000000000e+00
3.982869684696197510e-01 3.078557178378105164e-02 9.167441129684448242e-01 1.565769004821777344e+01 -9.157931804656982422e-01 -4.316921159625053406e-02 3.993235230445861816e-01 2.705241918563842773e+00 5.186852440237998962e-02 -9.985933303833007812e-01 1.099948212504386902e-02 2.374505043029785156e+00 0.000000000000000000e+00 0.000000000000000000e+00 0.000000000000000000e+00 1.000000000000000000e+00
4.183830320835113525e-01 3.185986727476119995e-02 9.077117443084716797e-01 1.616727447509765625e+01 -9.068641662597656250e-01 -4.094342142343521118e-02 4.194294512271881104e-01 2.958875656127929688e+00 5.052779242396354675e-02 -9.986534118652343750e-01 1.176253799349069595e-02 2.381137132644653320e+00 0.000000000000000000e+00 0.000000000000000000e+00 0.000000000000000000e+00 1.000000000000000000e+00
4.348539113998413086e-01 3.178353980183601379e-02 8.999399542808532715e-01 1.662546730041503906e+01 -8.991538882255554199e-01 -3.931924700736999512e-02 4.358627200126647949e-01 3.196900367736816406e+00 4.923822358250617981e-02 -9.987210631370544434e-01 1.148016378283500671e-02 2.387188434600830078e+00 0.000000000000000000e+00 0.000000000000000000e+00 0.000000000000000000e+00 1.000000000000000000e+00
4.518793523311614990e-01 2.875021286308765411e-02 8.916156291961669922e-01 1.713765525817871094e+01 -8.907666206359863281e-01 -3.965353220701217651e-02 4.527277052402496338e-01 3.477968454360961914e+00 4.837172850966453552e-02 -9.987998008728027344e-01 7.691116537898778915e-03 2.392329931259155273e+00 0.000000000000000000e+00 0.000000000000000000e+00 0.000000000000000000e+00 1.000000000000000000e+00
4.684063196182250977e-01 2.304460853338241577e-02 8.832125663757324219e-01 1.765287590026855469e+01 -8.819955587387084961e-01 -4.637069627642631531e-02 4.689707756042480469e-01 3.779228925704956055e+00 5.176243185997009277e-02 -9.986584782600402832e-01 -1.395083963871002197e-03 2.394891023635864258e+00 0.000000000000000000e+00 0.000000000000000000e+00 0.000000000000000000e+00 1.000000000000000000e+00
4.847239851951599121e-01 1.566682010889053345e-02 8.745268583297729492e-01 1.816772270202636719e+01 -8.728798031806945801e-01 -5.522174388170242310e-02 4.848003685474395752e-01 4.096006870269775391e+00 5.588817596435546875e-02 -9.983512163162231445e-01 -1.309205312281847000e-02 2.390826702117919922e+00 0.000000000000000000e+00 0.000000000000000000e+00 0.000000000000000000e+00 1.000000000000000000e+00
5.007287263870239258e-01 1.147817168384790421e-02 8.655281662940979004e-01 1.867910003662109375e+01 -8.638353943824768066e-01 -5.726591125130653381e-02 5.005087852478027344e-01 4.413327693939208984e+00 5.531018599867820740e-02 -9.982929825782775879e-01 -1.875943318009376526e-02 2.380618333816528320e+00 0.000000000000000000e+00 0.000000000000000000e+00 0.000000000000000000e+00 1.000000000000000000e+00
5.164633393287658691e-01 9.408498182892799377e-03 8.562576174736022949e-01 1.918884277343750000e+01 -8.547264337539672852e-01 -5.510680750012397766e-02 5.161452889442443848e-01 4.731384277343750000e+00 5.204177275300025940e-02 -9.984361529350280762e-01 -2.041895315051078796e-02 2.369137048721313477e+00 0.000000000000000000e+00 0.000000000000000000e+00 0.000000000000000000e+00 1.000000000000000000e+00
5.315205454826354980e-01 9.378858841955661774e-03 8.469935059547424316e-01 1.969430351257324219e+01 -8.456098437309265137e-01 -5.231713503599166870e-02 5.312315225601196289e-01 5.059354782104492188e+00 4.929461702704429626e-02 -9.985864758491516113e-01 -1.987677626311779022e-02 2.357081890106201172e+00 0.000000000000000000e+00 0.000000000000000000e+00 0.000000000000000000e+00 1.000000000000000000e+00
5.438187122344970703e-01 1.293062046170234680e-02 8.391031026840209961e-01 2.019429397583007812e+01 -8.377379179000854492e-01 -5.068698897957801819e-02 5.437150597572326660e-01 5.400776863098144531e+00 4.956218227744102478e-02 -9.986308813095092773e-01 -1.673206314444541931e-02 2.345961093902587891e+00 0.000000000000000000e+00 0.000000000000000000e+00 0.000000000000000000e+00 1.000000000000000000e+00
5.526828765869140625e-01 1.843778043985366821e-02 8.331876993179321289e-01 2.069222259521484375e+01 -8.316881656646728516e-01 -5.168689042329788208e-02 5.528320074081420898e-01 5.754006862640380859e+00 5.325787514448165894e-02 -9.984931349754333496e-01 -1.323197502642869949e-02 2.338120698928833008e+00 0.000000000000000000e+00 0.000000000000000000e+00 0.000000000000000000e+00 1.000000000000000000e+00
5.593898892402648926e-01 2.250091172754764557e-02 8.285992145538330078e-01 2.119362449645996094e+01 -8.268664479255676270e-01 -5.491149052977561951e-02 5.597112178802490234e-01 6.114183902740478516e+00 5.809362977743148804e-02 -9.982376694679260254e-01 -1.211168244481086731e-02 2.332329511642456055e+00 0.000000000000000000e+00 0.000000000000000000e+00 0.000000000000000000e+00 1.000000000000000000e+00
5.652703642845153809e-01 2.331698499619960785e-02 8.245760798454284668e-01 2.170386123657226562e+01 -8.227368593215942383e-01 -5.650255456566810608e-02 5.656072497367858887e-01 6.476349830627441406e+00 5.977891013026237488e-02 -9.981301426887512207e-01 -1.275547500699758530e-02 2.325112581253051758e+00 0.000000000000000000e+00 0.000000000000000000e+00 0.000000000000000000e+00 1.000000000000000000e+00
5.706456303596496582e-01 2.195603027939796448e-02 8.209028244018554688e-01 2.222250938415527344e+01 -8.190935850143432617e-01 -5.627393722534179688e-02 5.708930492401123047e-01 6.838938713073730469e+00 5.872998014092445374e-02 -9.981738924980163574e-01 -1.412843354046344757e-02 2.317271709442138672e+00 0.000000000000000000e+00 0.000000000000000000e+00 0.000000000000000000e+00 1.000000000000000000e+00
5.751750469207763672e-01 2.005875483155250549e-02 8.177843689918518066e-01 2.274455451965332031e+01 -8.161326050758361816e-01 -5.398526042699813843e-02 5.753374695777893066e-01 7.203287124633789062e+00 5.568885430693626404e-02 -9.983402490615844727e-01 -1.468037161976099014e-02 2.308990001678466797e+00 0.000000000000000000e+00 0.000000000000000000e+00 0.000000000000000000e+00 1.000000000000000000e+00
5.788816809654235840e-01 1.973267085850238800e-02 8.151727318763732910e-01 2.326801872253417969e+01 -8.136522173881530762e-01 -5.165752768516540527e-02 5.790523290634155273e-01 7.572086811065673828e+00 5.353605747222900391e-02 -9.984698891639709473e-01 -1.384806539863348007e-02 2.301157951354980469e+00 0.000000000000000000e+00 0.000000000000000000e+00 0.000000000000000000e+00 1.000000000000000000e+00
5.817514657974243164e-01 2.023346722126007080e-02 8.131148815155029297e-01 2.379137229919433594e+01 -8.115854263305664062e-01 -5.168258026242256165e-02 5.819432735443115234e-01 7.949975013732910156e+00 5.379860848188400269e-02 -9.984585642814636230e-01 -1.364522986114025116e-02 2.293262481689453125e+00 0.000000000000000000e+00 0.000000000000000000e+00 0.000000000000000000e+00 1.000000000000000000e+00
5.838334560394287109e-01 2.247279882431030273e-02 8.115623593330383301e-01 2.431501579284667969e+01 -8.098184466361999512e-01 -5.495864152908325195e-02 5.841007232666015625e-01 8.337451934814453125e+00 5.772874504327774048e-02 -9.982357025146484375e-01 -1.388780865818262100e-02 2.285709619522094727e+00 0.000000000000000000e+00 0.000000000000000000e+00 0.000000000000000000e+00 1.000000000000000000e+00
5.850580334663391113e-01 2.480991370975971222e-02 8.106118440628051758e-01 2.484227180480957031e+01 -8.086717724800109863e-01 -5.769715830683708191e-02 5.854237675666809082e-01 8.728655815124511719e+00 6.129430979490280151e-02 -9.980257749557495117e-01 -1.369310822337865829e-02 2.278107643127441406e+00 0.000000000000000000e+00 0.000000000000000000e+00 0.000000000000000000e+00 1.000000000000000000e+00
5.860943794250488281e-01 2.601817250251770020e-02 8.098249435424804688e-01 2.537587738037109375e+01 -8.077957034111022949e-01 -5.885762348771095276e-02 5.865167975425720215e-01 9.119104385375976562e+00 6.292446702718734741e-02 -9.979272484779357910e-01 -1.347875688225030899e-02 2.271019220352172852e+00 0.000000000000000000e+00 0.000000000000000000e+00 0.000000000000000000e+00 1.000000000000000000e+00
5.873157382011413574e-01 2.444772049784660339e-02 8.089885711669921875e-01 2.591869354248046875e+01 -8.070760965347290039e-01 -5.731277912855148315e-02 5.876592993736267090e-01 9.507197380065917969e+00 6.073231622576713562e-02 -9.980568885803222656e-01 -1.392952818423509598e-02 2.262519121170043945e+00 0.000000000000000000e+00 0.000000000000000000e+00 0.000000000000000000e+00 1.000000000000000000e+00
5.885725021362304688e-01 2.448414824903011322e-02 8.080736398696899414e-01 2.646322822570800781e+01 -8.062372803688049316e-01 -5.603319779038429260e-02 5.889326930046081543e-01 9.898173332214355469e+00 5.969846248626708984e-02 -9.981286525726318359e-01 -1.323956623673439026e-02 2.255172491073608398e+00 0.000000000000000000e+00 0.000000000000000000e+00 0.000000000000000000e+00 1.000000000000000000e+00
5.889293551445007324e-01 2.581520564854145050e-02 8.077720999717712402e-01 2.700757217407226562e+01 -8.059166669845581055e-01 -5.606459826231002808e-02 5.893683433532714844e-01 1.029629707336425781e+01 6.050208583474159241e-02 -9.980933666229248047e-01 -1.221318356692790985e-02 2.248359441757202148e+00 0.000000000000000000e+00 0.000000000000000000e+00 0.000000000000000000e+00 1.000000000000000000e+00
5.887841582298278809e-01 2.676356397569179535e-02 8.078470826148986816e-01 2.755654716491699219e+01 -8.058179020881652832e-01 -5.867649242281913757e-02 5.892491340637207031e-01 1.070197772979736328e+01 6.317204236984252930e-02 -9.979182481765747070e-01 -1.298123039305210114e-02 2.240891456604003906e+00 0.000000000000000000e+00 0.000000000000000000e+00 0.000000000000000000e+00 1.000000000000000000e+00
5.889257788658142090e-01 2.644914574921131134e-02 8.077542185783386230e-01 2.811166572570800781e+01 -8.056531548500061035e-01 -5.987062305212020874e-02 5.893542766571044922e-01 1.110875701904296875e+01 6.394866853952407837e-02 -9.978556632995605469e-01 -1.395051274448633194e-02 2.233603477478027344e+00 0.000000000000000000e+00 0.000000000000000000e+00 0.000000000000000000e+00 1.000000000000000000e+00
5.895868539810180664e-01 2.719892375171184540e-02 8.072469234466552734e-01 2.867073249816894531e+01 -8.050801157951354980e-01 -6.071946769952774048e-02 5.900501012802124023e-01 1.151566314697265625e+01 6.506433337926864624e-02 -9.977842569351196289e-01 -1.390208583325147629e-02 2.225475311279296875e+00 0.000000000000000000e+00 0.000000000000000000e+00 0.000000000000000000e+00 1.000000000000000000e+00
5.895491838455200195e-01 2.615080773830413818e-02 8.073090314865112305e-01 2.923461914062500000e+01 -8.052078485488891602e-01 -5.993331968784332275e-02 5.899561643600463867e-01 1.192455101013183594e+01 6.381253898143768311e-02 -9.978597760200500488e-01 -1.427680253982543945e-02 2.216922998428344727e+00 0.000000000000000000e+00 0.000000000000000000e+00 0.000000000000000000e+00 1.000000000000000000e+00
5.892312526702880859e-01 2.617601677775382996e-02 8.075402975082397461e-01 2.980297660827636719e+01 -8.054048418998718262e-01 -6.046482548117637634e-02 5.896329879760742188e-01 1.233698177337646484e+01 6.426202505826950073e-02 -9.978270530700683594e-01 -1.454547606408596039e-02 2.207966566085815430e+00 0.000000000000000000e+00 0.000000000000000000e+00 0.000000000000000000e+00 1.000000000000000000e+00
5.892356634140014648e-01 2.694561146199703217e-02 8.075118064880371094e-01 3.037404441833496094e+01 -8.054544329643249512e-01 -5.907842889428138733e-02 5.897057652473449707e-01 1.274986934661865234e+01 6.359650939702987671e-02 -9.978896379470825195e-01 -1.310765370726585388e-02 2.199192047119140625e+00 0.000000000000000000e+00 0.000000000000000000e+00 0.000000000000000000e+00 1.000000000000000000e+00
5.892547369003295898e-01 2.931183204054832458e-02 8.074154257774353027e-01 3.094598388671875000e+01 -8.053402304649353027e-01 -5.890723690390586853e-02 5.898787975311279297e-01 1.316723346710205078e+01 6.485304236412048340e-02 -9.978330135345458984e-01 -1.110536977648735046e-02 2.192520856857299805e+00 0.000000000000000000e+00 0.000000000000000000e+00 0.000000000000000000e+00 1.000000000000000000e+00
5.891097784042358398e-01 3.079796582460403442e-02 8.074658513069152832e-01 3.152236747741699219e+01 -8.052825331687927246e-01 -6.030084192752838135e-02 5.898168087005615234e-01 1.359058761596679688e+01 6.685603410005569458e-02 -9.977050423622131348e-01 -1.072275359183549881e-02 2.186477661132812500e+00 0.000000000000000000e+00 0.000000000000000000e+00 0.000000000000000000e+00 1.000000000000000000e+00
5.887747406959533691e-01 3.137939423322677612e-02 8.076878786087036133e-01 3.210382461547851562e+01 -8.054659366607666016e-01 -6.078475713729858398e-02 5.895165801048278809e-01 1.401577949523925781e+01 6.759378314018249512e-02 -9.976575374603271484e-01 -1.051349379122257233e-02 2.180546998977661133e+00 0.000000000000000000e+00 0.000000000000000000e+00 0.000000000000000000e+00 1.000000000000000000e+00
5.885414481163024902e-01 3.124117851257324219e-02 8.078631758689880371e-01 3.269166183471679688e+01 -8.056221604347229004e-01 -6.109165027737617493e-02 5.892713069915771484e-01 1.444272994995117188e+01 6.776322424411773682e-02 -9.976431131362915039e-01 -1.078638155013322830e-02 2.174365520477294922e+00 0.000000000000000000e+00 0.000000000000000000e+00 0.000000000000000000e+00 1.000000000000000000e+00
5.886039137840270996e-01 3.145066276192665100e-02 8.078095316886901855e-01 3.328247451782226562e+01 -8.055356144905090332e-01 -6.154046207666397095e-02 5.893430113792419434e-01 1.487220859527587891e+01 6.824820488691329956e-02 -9.976089596748352051e-01 -1.088832970708608627e-02 2.168786287307739258e+00 0.000000000000000000e+00 0.000000000000000000e+00 0.000000000000000000e+00 1.000000000000000000e+00
5.884447097778320312e-01 3.340090438723564148e-02 8.078472614288330078e-01 3.387413787841796875e+01 -8.054796457290649414e-01 -6.259720772504806519e-02 5.893082022666931152e-01 1.530610656738281250e+01 7.025241106748580933e-02 -9.974797964096069336e-01 -9.931247681379318237e-03 2.162092447280883789e+00 0.000000000000000000e+00 0.000000000000000000e+00 0.000000000000000000e+00 1.000000000000000000e+00
5.882331132888793945e-01 3.322209790349006653e-02 8.080087304115295410e-01 3.447217559814453125e+01 -8.056939840316772461e-01 -6.187050417065620422e-02 5.890918970108032227e-01 1.574137496948242188e+01 6.956277787685394287e-02 -9.975311160087585449e-01 -9.627436287701129913e-03 2.156818866729736328e+00 0.000000000000000000e+00 0.000000000000000000e+00 0.000000000000000000e+00 1.000000000000000000e+00
5.882120132446289062e-01 3.198530897498130798e-02 8.080739974975585938e-01 3.507748031616210938e+01 -8.058326840400695801e-01 -6.098520755767822266e-02 5.889945030212402344e-01 1.617630004882812500e+01 6.811972707509994507e-02 -9.976260662078857422e-01 -1.009742543101310730e-02 2.150878906250000000e+00 0.000000000000000000e+00 0.000000000000000000e+00 0.000000000000000000e+00 1.000000000000000000e+00
5.881647467613220215e-01 3.312512114644050598e-02 8.080624938011169434e-01 3.568358230590820312e+01 -8.057692050933837891e-01 -6.157663464546203613e-02 5.890197753906250000e-01 1.661490249633789062e+01 6.926912069320678711e-02 -9.975525140762329102e-01 -9.525999426841735840e-03 2.144830465316772461e+00 0.000000000000000000e+00 0.000000000000000000e+00 0.000000000000000000e+00 1.000000000000000000e+00
5.877484679222106934e-01 3.367787227034568787e-02 8.083424568176269531e-01 3.629138946533203125e+01 -8.060015439987182617e-01 -6.219026446342468262e-02 5.886373519897460938e-01 1.705980110168457031e+01 7.009508460760116577e-02 -9.974959492683410645e-01 -9.407816454768180847e-03 2.139124393463134766e+00 0.000000000000000000e+00 0.000000000000000000e+00 0.000000000000000000e+00 1.000000000000000000e+00
5.876445770263671875e-01 3.459508344531059265e-02 8.083792328834533691e-01 3.690367126464843750e+01 -8.060442805290222168e-01 -6.198877096176147461e-02 5.886000394821166992e-01 1.750500679016113281e+01 7.047310471534729004e-02 -9.974771142005920410e-01 -8.542198687791824341e-03 2.134126901626586914e+00 0.000000000000000000e+00 0.000000000000000000e+00 0.000000000000000000e+00 1.000000000000000000e+00
5.881622433662414551e-01 3.465887531638145447e-02 8.079999685287475586e-01 3.752186203002929688e+01 -8.058520555496215820e-01 -5.928354710340499878e-02 5.891416668891906738e-01 1.794770431518554688e+01 6.832009553909301758e-02 -9.976392984390258789e-01 -6.938419304788112640e-03 2.129948377609252930e+00 0.000000000000000000e+00 0.000000000000000000e+00 0.000000000000000000e+00 1.000000000000000000e+00
5.884985327720642090e-01 3.433142229914665222e-02 8.077690601348876953e-01 3.814356994628906250e+01 -8.056766390800476074e-01 -5.849543958902359009e-02 5.894602537155151367e-01 1.839604377746582031e+01 6.748781353235244751e-02 -9.976971745491027832e-01 -6.764453370124101639e-03 2.126654863357543945e+00 0.000000000000000000e+00 0.000000000000000000e+00 0.000000000000000000e+00 1.000000000000000000e+00
5.885248780250549316e-01 3.378279134631156921e-02 8.077729940414428711e-01 3.876842117309570312e+01 -8.057132959365844727e-01 -5.806621909141540527e-02 5.894526839256286621e-01 1.884890747070312500e+01 6.681767851114273071e-02 -9.977409839630126953e-01 -6.954171229153871536e-03 2.122996807098388672e+00 0.000000000000000000e+00 0.000000000000000000e+00 0.000000000000000000e+00 1.000000000000000000e+00
5.885888934135437012e-01 3.366028144955635071e-02 8.077314496040344238e-01 3.939601898193359375e+01 -8.056182861328125000e-01 -5.887375026941299438e-02 5.895023941993713379e-01 1.930641365051269531e+01 6.739699840545654297e-02 -9.976977705955505371e-01 -7.535095792263746262e-03 2.118951320648193359e+00 0.000000000000000000e+00 0.000000000000000000e+00 0.000000000000000000e+00 1.000000000000000000e+00
5.891913175582885742e-01 3.403034806251525879e-02 8.072766065597534180e-01 4.002670288085937500e+01 -8.051488995552062988e-01 -5.903592705726623535e-02 5.901271104812622070e-01 1.976557350158691406e+01 6.774055212736129761e-02 -9.976756572723388672e-01 -7.383959367871284485e-03 2.114483594894409180e+00 0.000000000000000000e+00 0.000000000000000000e+00 0.000000000000000000e+00 1.000000000000000000e+00
5.893434882164001465e-01 3.339298069477081299e-02 8.071921467781066895e-01 4.066283798217773438e+01 -8.049963116645812988e-01 -6.010970473289489746e-02 5.902268886566162109e-01 2.022875976562500000e+01 6.822951883077621460e-02 -9.976330399513244629e-01 -8.544034324586391449e-03 2.110229730606079102e+00 0.000000000000000000e+00 0.000000000000000000e+00 0.000000000000000000e+00 1.000000000000000000e+00
5.893447399139404297e-01 3.249018639326095581e-02 8.072280883789062500e-01 4.130189514160156250e+01 -8.049468994140625000e-01 -6.147553026676177979e-02 5.901535749435424805e-01 2.069554901123046875e+01 6.879897415637969971e-02 -9.975796341896057129e-01 -1.007740478962659836e-02 2.104581117630004883e+00 0.000000000000000000e+00 0.000000000000000000e+00 0.000000000000000000e+00 1.000000000000000000e+00
5.888919234275817871e-01 3.171334043145179749e-02 8.075893521308898926e-01 4.194599914550781250e+01 -8.052656650543212891e-01 -6.221688911318778992e-02 5.896407365798950195e-01 2.116344070434570312e+01 6.894517689943313599e-02 -9.975586533546447754e-01 -1.110135763883590698e-02 2.097190380096435547e+00 0.000000000000000000e+00 0.000000000000000000e+00 0.000000000000000000e+00 1.000000000000000000e+00
5.879951119422912598e-01 3.026438690721988678e-02 8.082981109619140625e-01 4.259420394897460938e+01 -8.059365749359130859e-01 -6.302863359451293945e-02 5.886371135711669922e-01 2.163275527954101562e+01 6.876066327095031738e-02 -9.975527524948120117e-01 -1.266935002058744431e-02 2.089179515838623047e+00 0.000000000000000000e+00 0.000000000000000000e+00 0.000000000000000000e+00 1.000000000000000000e+00
5.873144865036010742e-01 3.159163519740104675e-02 8.087419867515563965e-01 4.324396514892578125e+01 -8.062804937362670898e-01 -6.423031538724899292e-02 5.880359411239624023e-01 2.210332298278808594e+01 7.052277028560638428e-02 -9.974349141120910645e-01 -1.225167419761419296e-02 2.081762552261352539e+00 0.000000000000000000e+00 0.000000000000000000e+00 0.000000000000000000e+00 1.000000000000000000e+00
5.866100192070007324e-01 3.148268163204193115e-02 8.092573881149291992e-01 4.389474487304687500e+01 -8.067484498023986816e-01 -6.492576748132705688e-02 5.873172283172607422e-01 2.257551765441894531e+01 7.103198021650314331e-02 -9.973933696746826172e-01 -1.268750242888927460e-02 2.072950601577758789e+00 0.000000000000000000e+00 0.000000000000000000e+00 0.000000000000000000e+00 1.000000000000000000e+00
5.868645906448364258e-01 2.877303957939147949e-02 8.091737031936645508e-01 4.455075073242187500e+01 -8.067695498466491699e-01 -6.395315378904342651e-02 5.873950123786926270e-01 2.304506492614746094e+01 6.865034997463226318e-02 -9.975380301475524902e-01 -1.431862823665142059e-02 2.063619852066040039e+00 0.000000000000000000e+00 0.000000000000000000e+00 0.000000000000000000e+00 1.000000000000000000e+00
5.871862173080444336e-01 2.539510838687419891e-02 8.090534210205078125e-01 4.521001434326171875e+01 -8.066870570182800293e-01 -6.418165564537048340e-02 5.874834060668945312e-01 2.351450920104980469e+01 6.684559583663940430e-02 -9.976150393486022949e-01 -1.720068231225013733e-02 2.052419662475585938e+00 0.000000000000000000e+00 0.000000000000000000e+00 0.000000000000000000e+00 1.000000000000000000e+00
5.872790217399597168e-01 2.369590662419795990e-02 8.090375661849975586e-01 4.586512374877929688e+01 -8.065637946128845215e-01 -6.624508649110794067e-02 5.874235630035400391e-01 2.398895072937011719e+01 6.751430034637451172e-02 -9.975219964981079102e-01 -1.979209110140800476e-02 2.039348602294921875e+00 0.000000000000000000e+00 0.000000000000000000e+00 0.000000000000000000e+00 1.000000000000000000e+00
5.872046947479248047e-01 2.291629835963249207e-02 8.091140389442443848e-01 4.651782608032226562e+01 -8.065626025199890137e-01 -6.762250512838363647e-02 5.872682332992553711e-01 2.446377944946289062e+01 6.817233562469482422e-02 -9.974477887153625488e-01 -2.122482284903526306e-02 2.025032758712768555e+00 0.000000000000000000e+00 0.000000000000000000e+00 0.000000000000000000e+00 1.000000000000000000e+00
5.874056220054626465e-01 2.368704602122306824e-02 8.089459538459777832e-01 4.716794586181640625e+01 -8.063166141510009766e-01 -6.851509958505630493e-02 5.875025391578674316e-01 2.493676376342773438e+01 6.934121251106262207e-02 -9.973688125610351562e-01 -2.114689536392688751e-02 2.009126186370849609e+00 0.000000000000000000e+00 0.000000000000000000e+00 0.000000000000000000e+00 1.000000000000000000e+00
5.880066752433776855e-01 2.407753840088844299e-02 8.084976673126220703e-01 4.781842041015625000e+01 -8.058239221572875977e-01 -6.903002411127090454e-02 5.881178975105285645e-01 2.540777969360351562e+01 6.997104734182357788e-02 -9.973239898681640625e-01 -2.118785865604877472e-02 1.994081616401672363e+00 0.000000000000000000e+00 0.000000000000000000e+00 0.000000000000000000e+00 1.000000000000000000e+00
5.880824327468872070e-01 2.100453898310661316e-02 8.085281848907470703e-01 4.847198104858398438e+01 -8.059007525444030762e-01 -6.936379522085189819e-02 5.879733562469482422e-01 2.587950325012207031e+01 6.843269616365432739e-02 -9.973703026771545410e-01 -2.386405691504478455e-02 1.977653622627258301e+00 0.000000000000000000e+00 0.000000000000000000e+00 0.000000000000000000e+00 1.000000000000000000e+00
5.883697867393493652e-01 1.840942539274692535e-02 8.083823919296264648e-01 4.912496948242187500e+01 -8.057864904403686523e-01 -6.985881924629211426e-02 5.880712866783142090e-01 2.634885215759277344e+01 6.729869544506072998e-02 -9.973869919776916504e-01 -2.626874856650829315e-02 1.958644628524780273e+00 0.000000000000000000e+00 0.000000000000000000e+00 0.000000000000000000e+00 1.000000000000000000e+00
5.886304378509521484e-01 1.682904735207557678e-02 8.082270622253417969e-01 4.977479553222656250e+01 -8.056346178054809570e-01 -7.044734805822372437e-02 5.882092118263244629e-01 2.681760978698730469e+01 6.683645397424697876e-02 -9.973735213279724121e-01 -2.790939062833786011e-02 1.938676834106445312e+00 0.000000000000000000e+00 0.000000000000000000e+00 0.000000000000000000e+00 1.000000000000000000e+00
5.888268351554870605e-01 1.818034611642360687e-02 8.080547451972961426e-01 5.041836547851562500e+01 -8.053768873214721680e-01 -7.115807384252548218e-02 5.884764790534973145e-01 2.728736495971679688e+01 6.819832324981689453e-02 -9.972993731498718262e-01 -2.725775539875030518e-02 1.918166875839233398e+00 0.000000000000000000e+00 0.000000000000000000e+00 0.000000000000000000e+00 1.000000000000000000e+00
5.891005396842956543e-01 1.926356554031372070e-02 8.078300952911376953e-01 5.106074523925781250e+01 -8.050432205200195312e-01 -7.231043279170989990e-02 5.887925028800964355e-01 2.775835609436035156e+01 6.975679099559783936e-02 -9.971961379051208496e-01 -2.709010988473892212e-02 1.898719429969787598e+00 0.000000000000000000e+00 0.000000000000000000e+00 0.000000000000000000e+00 1.000000000000000000e+00
5.899109840393066406e-01 1.743135042488574982e-02 8.072801232337951660e-01 5.170553970336914062e+01 -8.045181632041931152e-01 -7.269548624753952026e-02 5.894623994827270508e-01 2.822611427307128906e+01 6.896074861288070679e-02 -9.972018599510192871e-01 -2.886002883315086365e-02 1.878127217292785645e+00 0.000000000000000000e+00 0.000000000000000000e+00 0.000000000000000000e+00 1.000000000000000000e+00
5.906696319580078125e-01 1.425352226942777634e-02 8.067875504493713379e-01 5.235137176513671875e+01 -8.041105270385742188e-01 -7.286787778139114380e-02 5.899970531463623047e-01 2.869240570068359375e+01 6.719844043254852295e-02 -9.972397685050964355e-01 -3.157943859696388245e-02 1.854924798011779785e+00 0.000000000000000000e+00 0.000000000000000000e+00 0.000000000000000000e+00 1.000000000000000000e+00
5.909460186958312988e-01 1.139373518526554108e-02 8.066306114196777344e-01 5.299484252929687500e+01 -8.039305210113525391e-01 -7.463040202856063843e-02 5.900220870971679688e-01 2.915959930419921875e+01 6.692172586917877197e-02 -9.971461892127990723e-01 -3.494277223944664001e-02 1.830327510833740234e+00 0.000000000000000000e+00 0.000000000000000000e+00 0.000000000000000000e+00 1.000000000000000000e+00
5.912008285522460938e-01 9.914798662066459656e-03 8.064634799957275391e-01 5.363513183593750000e+01 -8.037893772125244141e-01 -7.503506541252136230e-02 5.901629924774169922e-01 2.962630653381347656e+01 6.636438518762588501e-02 -9.971315860748291016e-01 -3.639138117432594299e-02 1.802779555320739746e+00 0.000000000000000000e+00 0.000000000000000000e+00 0.000000000000000000e+00 1.000000000000000000e+00
5.919566750526428223e-01 1.082466356456279755e-02 8.058971166610717773e-01 5.426961517333984375e+01 -8.032504320144653320e-01 -7.414599508047103882e-02 5.910085439682006836e-01 3.008873748779296875e+01 6.615150719881057739e-02 -9.971886277198791504e-01 -3.519630059599876404e-02 1.776425838470458984e+00 0.000000000000000000e+00 0.000000000000000000e+00 0.000000000000000000e+00 1.000000000000000000e+00
5.927822589874267578e-01 1.216255407780408859e-02 8.052709102630615234e-01 5.490054702758789062e+01 -8.026424646377563477e-01 -7.319068908691406250e-02 5.919528603553771973e-01 3.055051803588867188e+01 6.613799184560775757e-02 -9.972438216209411621e-01 -3.362395986914634705e-02 1.751429080963134766e+00 0.000000000000000000e+00 0.000000000000000000e+00 0.000000000000000000e+00 1.000000000000000000e+00
5.935135483741760254e-01 1.385214179754257202e-02 8.047047853469848633e-01 5.552786254882812500e+01 -8.019439578056335449e-01 -7.433236390352249146e-02 5.927568078041076660e-01 3.101461982727050781e+01 6.802656501531600952e-02 -9.971373081207275391e-01 -3.300862386822700500e-02 1.727454543113708496e+00 0.000000000000000000e+00 0.000000000000000000e+00 0.000000000000000000e+00 1.000000000000000000e+00
5.942277312278747559e-01 1.267506927251815796e-02 8.041969537734985352e-01 5.615575790405273438e+01 -8.014984130859375000e-01 -7.400398701429367065e-02 5.934001207351684570e-01 3.147710990905761719e+01 6.703516840934753418e-02 -9.971774220466613770e-01 -3.381617367267608643e-02 1.702979564666748047e+00 0.000000000000000000e+00 0.000000000000000000e+00 0.000000000000000000e+00 1.000000000000000000e+00
5.950314998626708984e-01 1.048485655337572098e-02 8.036339879035949707e-01 5.678367614746093750e+01 -8.010075092315673828e-01 -7.407837361097335815e-02 5.940533280372619629e-01 3.193597984313964844e+01 6.576046347618103027e-02 -9.971973299980163574e-01 -3.568051755428314209e-02 1.676636695861816406e+00 0.000000000000000000e+00 0.000000000000000000e+00 0.000000000000000000e+00 1.000000000000000000e+00
