-1.354023581370711327e-03 3.631298430263996124e-03 -9.999924898147583008e-01 -5.572172999382019043e-01 -9.941422939300537109e-01 1.080647334456443787e-01 1.738520571961998940e-03 7.165017724037170410e-01 1.080702319741249084e-01 9.941372275352478027e-01 3.463705303147435188e-03 1.033240318298339844e+00 0.000000000000000000e+00 0.000000000000000000e+00 0.000000000000000000e+00 1.000000000000000000e+00
-1.905422774143517017e-03 1.271327864378690720e-02 -9.999173879623413086e-01 -8.476660847663879395e-01 -9.932102560997009277e-01 1.162855476140975952e-01 3.371134167537093163e-03 -1.256389264017343521e-02 1.163188293576240540e-01 9.931344389915466309e-01 1.240538340061903000e-02 1.776747703552246094e+00 0.000000000000000000e+00 0.000000000000000000e+00 0.000000000000000000e+00 1.000000000000000000e+00
-2.798731904476881027e-03 8.576946333050727844e-03 -9.999593496322631836e-01 5.909708514809608459e-02 -9.932240247726440430e-01 1.161547005176544189e-01 3.776174038648605347e-03 -7.498645689338445663e-03 1.161823645234107971e-01 9.931941628456115723e-01 8.193742483854293823e-03 1.764776468276977539e+00 0.000000000000000000e+00 0.000000000000000000e+00 0.000000000000000000e+00 1.000000000000000000e+00
-3.229453228414058685e-03 6.964042317122220993e-03 -9.999705553054809570e-01 1.026733398437500000e+00 -9.931834340095520020e-01 1.164932847023010254e-01 4.018822219222784042e-03 -1.946887560188770294e-02 1.165178567171096802e-01 9.931670427322387695e-01 6.540360860526561737e-03 1.780136108398437500e+00 0.000000000000000000e+00 0.000000000000000000e+00 0.000000000000000000e+00 1.000000000000000000e+00
-2.855390310287475586e-03 6.525287404656410217e-03 -9.999746084213256836e-01 1.958773851394653320e+00 -9.933455586433410645e-01 1.151172295212745667e-01 3.587652929127216339e-03 -1.481355074793100357e-02 1.151377409696578979e-01 9.933304190635681152e-01 6.153159774839878082e-03 1.777288913726806641e+00 0.000000000000000000e+00 0.000000000000000000e+00 0.000000000000000000e+00 1.000000000000000000e+00
-2.990726847201585770e-03 7.307805120944976807e-03 -9.999688863754272461e-01 2.900411367416381836e+00 -9.934831857681274414e-01 1.139166206121444702e-01 3.803835483267903328e-03 -4.407209903001785278e-02 1.139408722519874573e-01 9.934634566307067871e-01 6.919486913830041885e-03 1.786917805671691895e+00 0.000000000000000000e+00 0.000000000000000000e+00 0.000000000000000000e+00 1.000000000000000000e+00
-3.503500018268823624e-03 9.270912967622280121e-03 -9.999508857727050781e-01 3.841678619384765625e+00 -9.937524199485778809e-01 1.115167662501335144e-01 4.515695385634899139e-03 -5.971265956759452820e-02 1.115531623363494873e-01 9.937193393707275391e-01 8.822292089462280273e-03 1.798682451248168945e+00 0.000000000000000000e+00 0.000000000000000000e+00 0.000000000000000000e+00 1.000000000000000000e+00
-3.798882244154810905e-03 1.034806855022907257e-02 -9.999392628669738770e-01 4.785821437835693359e+00 -9.937769174575805664e-01 1.112801134586334229e-01 4.927075002342462540e-03 -6.771114468574523926e-02 1.113243326544761658e-01 9.937353134155273438e-01 9.860930964350700378e-03 1.813862085342407227e+00 0.000000000000000000e+00 0.000000000000000000e+00 0.000000000000000000e+00 1.000000000000000000e+00
-4.154646303504705429e-03 1.056306436657905579e-02 -9.999355673789978027e-01 5.766452789306640625e+00 -9.937853217124938965e-01 1.111884340643882751e-01 5.303658079355955124e-03 -5.635836720466613770e-02 1.112373024225234985e-01 9.937432408332824707e-01 1.003546826541423798e-02 1.821071267127990723e+00 0.000000000000000000e+00 0.000000000000000000e+00 0.000000000000000000e+00 1.000000000000000000e+00
-4.495298955589532852e-03 1.138996612280607224e-02 -9.999249577522277832e-01 6.726550102233886719e+00 -9.939924478530883789e-01 1.093007102608680725e-01 5.713652353733778000e-03 -9.148965775966644287e-02 1.093576103448867798e-01 9.939433932304382324e-01 1.083019934594631195e-02 1.828863143920898438e+00 0.000000000000000000e+00 0.000000000000000000e+00 0.000000000000000000e+00 1.000000000000000000e+00
-4.058828577399253845e-03 1.307410281151533127e-02 -9.999062418937683105e-01 7.652100563049316406e+00 -9.936912059783935547e-01 1.120165288448333740e-01 5.498252809047698975e-03 -1.038459539413452148e-01 1.120779067277908325e-01 9.936203360557556152e-01 1.253696344792842865e-02 1.801511645317077637e+00 0.000000000000000000e+00 0.000000000000000000e+00 0.000000000000000000e+00 1.000000000000000000e+00
-4.605608526617288589e-03 1.433575060218572617e-02 -9.998867511749267578e-01 8.598776817321777344e+00 -9.934256076812744141e-01 1.143124252557754517e-01 6.214787717908620834e-03 -8.216540515422821045e-02 1.143885776400566101e-01 9.933414459228515625e-01 1.371502131223678589e-02 1.852383136749267578e+00 0.000000000000000000e+00 0.000000000000000000e+00 0.000000000000000000e+00 1.000000000000000000e+00
-5.378854926675558090e-03 1.253868639469146729e-02 -9.999070167541503906e-01 9.541937828063964844e+00 -9.932720661163330078e-01 1.156063973903656006e-01 6.792850792407989502e-03 -7.987080514430999756e-02 1.156808286905288696e-01 9.932159781455993652e-01 1.183249522000551224e-02 1.873894214630126953e+00 0.000000000000000000e+00 0.000000000000000000e+00 0.000000000000000000e+00 1.000000000000000000e+00
-5.342188291251659393e-03 8.098023012280464172e-03 -9.999528527259826660e-01 1.050120067596435547e+01 -9.931289553642272949e-01 1.168581098318099976e-01 6.252095103263854980e-03 -7.292006164789199829e-02 1.169032454490661621e-01 9.931156039237976074e-01 7.418102584779262543e-03 1.880267977714538574e+00 0.000000000000000000e+00 0.000000000000000000e+00 0.000000000000000000e+00 1.000000000000000000e+00
-6.295778788626194000e-03 7.317660842090845108e-03 -9.999533891677856445e-01 1.140257358551025391e+01 -9.931516051292419434e-01 1.166170239448547363e-01 7.106357254087924957e-03 -8.721224963665008545e-02 1.166636049747467041e-01 9.931499958038330078e-01 6.533351261168718338e-03 1.902941465377807617e+00 0.000000000000000000e+00 0.000000000000000000e+00 0.000000000000000000e+00 1.000000000000000000e+00
-6.985936779528856277e-03 9.999101981520652771e-03 -9.999256134033203125e-01 1.232600879669189453e+01 -9.932061433792114258e-01 1.160865426063537598e-01 8.099839091300964355e-03 -9.421464055776596069e-02 1.161589026451110840e-01 9.931887984275817871e-01 9.120194241404533386e-03 1.916728734970092773e+00 0.000000000000000000e+00 0.000000000000000000e+00 0.000000000000000000e+00 1.000000000000000000e+00
-6.995453964918851852e-03 1.218762714415788651e-02 -9.999012947082519531e-01 1.322839546203613281e+01 -9.931672215461730957e-01 1.164010390639305115e-01 8.367133326828479767e-03 -1.079702451825141907e-01 1.164915412664413452e-01 9.931274652481079102e-01 1.129007339477539062e-02 1.921702146530151367e+00 0.000000000000000000e+00 0.000000000000000000e+00 0.000000000000000000e+00 1.000000000000000000e+00
-7.303331512957811356e-03 1.414342876523733139e-02 -9.998732209205627441e-01 1.409861755371093750e+01 -9.931973814964294434e-01 1.161032766103744507e-01 8.896876126527786255e-03 -1.172224357724189758e-01 1.162144169211387634e-01 9.931364059448242188e-01 1.319927442818880081e-02 1.941059350967407227e+00 0.000000000000000000e+00 0.000000000000000000e+00 0.000000000000000000e+00 1.000000000000000000e+00
-9.147123433649539948e-03 1.343775819987058640e-02 -9.998679161071777344e-01 1.500404930114746094e+01 -9.931492805480957031e-01 1.163667589426040649e-01 1.064957492053508759e-02 -1.281161755323410034e-01 1.164944842457771301e-01 9.931154847145080566e-01 1.228127721697092056e-02 1.945543527603149414e+00 0.000000000000000000e+00 0.000000000000000000e+00 0.000000000000000000e+00 1.000000000000000000e+00
-9.051262401044368744e-03 1.299058925360441208e-02 -9.998745918273925781e-01 1.591994190216064453e+01 -9.930902123451232910e-01 1.168827489018440247e-01 1.050841342657804489e-02 -1.264887154102325439e-01 1.170046180486679077e-01 9.930607676506042480e-01 1.184288877993822098e-02 1.960256576538085938e+00 0.000000000000000000e+00 0.000000000000000000e+00 0.000000000000000000e+00 1.000000000000000000e+00
-8.011259138584136963e-03 1.654995977878570557e-02 -9.998309612274169922e-01 1.672513961791992188e+01 -9.927647113800048828e-01 1.196650490164756775e-01 9.935427457094192505e-03 -1.881143301725387573e-01 1.198092475533485413e-01 9.926764369010925293e-01 1.547154691070318222e-02 1.952711343765258789e+00 0.000000000000000000e+00 0.000000000000000000e+00 0.000000000000000000e+00 1.000000000000000000e+00
-8.926983922719955444e-03 2.084052562713623047e-02 -9.997428655624389648e-01 1.769219017028808594e+01 -9.918631315231323242e-01 1.267888844013214111e-01 1.149964891374111176e-02 -1.224715337157249451e-01 1.269959509372711182e-01 9.917107820510864258e-01 1.953910477459430695e-02 1.966492891311645508e+00 0.000000000000000000e+00 0.000000000000000000e+00 0.000000000000000000e+00 1.000000000000000000e+00
-8.905154652893543243e-03 1.927891001105308533e-02 -9.997745156288146973e-01 1.859172630310058594e+01 -9.913768768310546875e-01 1.305502355098724365e-01 1.134778931736946106e-02 -1.101406812667846680e-01 1.307395845651626587e-01 9.912542104721069336e-01 1.795009337365627289e-02 1.968090176582336426e+00 0.000000000000000000e+00 0.000000000000000000e+00 0.000000000000000000e+00 1.000000000000000000e+00
-8.857658132910728455e-03 1.469095796346664429e-02 -9.998528361320495605e-01 1.946795463562011719e+01 -9.910483360290527344e-01 1.330718696117401123e-01 1.073489990085363388e-02 -1.131945699453353882e-01 1.332099884748458862e-01 9.909975528717041016e-01 1.338074170053005219e-02 1.983963608741760254e+00 0.000000000000000000e+00 0.000000000000000000e+00 0.000000000000000000e+00 1.000000000000000000e+00
-9.610324166715145111e-03 9.578297846019268036e-03 -9.999079704284667969e-01 2.035608100891113281e+01 -9.908730387687683105e-01 1.343649774789810181e-01 1.081059407442808151e-02 -1.192785128951072693e-01 1.344561576843261719e-01 9.908856749534606934e-01 8.199584670364856720e-03 1.996242284774780273e+00 0.000000000000000000e+00 0.000000000000000000e+00 0.000000000000000000e+00 1.000000000000000000e+00
-1.030844822525978088e-02 6.135113071650266647e-03 -9.999280571937561035e-01 2.124402427673339844e+01 -9.905924797058105469e-01 1.363997012376785278e-01 1.104909181594848633e-02 -1.202976033091545105e-01 1.364576965570449829e-01 9.906348586082458496e-01 4.671326838433742523e-03 2.002665281295776367e+00 0.000000000000000000e+00 0.000000000000000000e+00 0.000000000000000000e+00 1.000000000000000000e+00
-9.122597053647041321e-03 6.612641271203756332e-03 -9.999365210533142090e-01 2.214538574218750000e+01 -9.904703497886657715e-01 1.373676061630249023e-01 9.944655001163482666e-03 -1.290623545646667480e-01 1.374246627092361450e-01 9.904980659484863281e-01 5.296474788337945938e-03 2.019766807556152344e+00 0.000000000000000000e+00 0.000000000000000000e+00 0.000000000000000000e+00 1.000000000000000000e+00
-9.100754745304584503e-03 8.888534270226955414e-03 -9.999191164970397949e-01 2.300304031372070312e+01 -9.904558062553405762e-01 1.374509334564208984e-01 1.023646071553230286e-02 -1.428146362304687500e-01 1.375308036804199219e-01 9.904686808586120605e-01 7.552791852504014969e-03 2.028580904006958008e+00 0.000000000000000000e+00 0.000000000000000000e+00 0.000000000000000000e+00 1.000000000000000000e+00
-8.913656696677207947e-03 1.014644466340541840e-02 -9.999086856842041016e-01 2.384723663330078125e+01 -9.908433556556701660e-01 1.346313804388046265e-01 1.019899547100067139e-02 -1.555678844451904297e-01 1.347225904464721680e-01 9.908437132835388184e-01 8.853477425873279572e-03 2.055467128753662109e+00 0.000000000000000000e+00 0.000000000000000000e+00 0.000000000000000000e+00 1.000000000000000000e+00
-8.152268826961517334e-03 1.037273928523063660e-02 -9.999129176139831543e-01 2.471581649780273438e+01 -9.910252690315246582e-01 1.333399713039398193e-01 9.463028050959110260e-03 -1.675349771976470947e-01 1.334265470504760742e-01 9.910160303115844727e-01 9.192622266709804535e-03 2.066224098205566406e+00 0.000000000000000000e+00 0.000000000000000000e+00 0.000000000000000000e+00 1.000000000000000000e+00
-8.235349319875240326e-03 1.191005297005176544e-02 -9.998950958251953125e-01 2.554605865478515625e+01 -9.911882877349853516e-01 1.321029067039489746e-01 9.737154468894004822e-03 -1.823741793632507324e-01 1.322050392627716064e-01 9.911643862724304199e-01 1.071718987077474594e-02 2.073972225189208984e+00 0.000000000000000000e+00 0.000000000000000000e+00 0.000000000000000000e+00 1.000000000000000000e+00
-7.777285762131214142e-03 1.405628491193056107e-02 -9.998710155487060547e-01 2.638020133972167969e+01 -9.912312030792236328e-01 1.317935883998870850e-01 9.562849998474121094e-03 -1.897865086793899536e-01 1.319110095500946045e-01 9.911775588989257812e-01 1.290802937000989914e-02 2.090453386306762695e+00 0.000000000000000000e+00 0.000000000000000000e+00 0.000000000000000000e+00 1.000000000000000000e+00
-7.500839419662952423e-03 1.507475413382053375e-02 -9.998583197593688965e-01 2.720574569702148438e+01 -9.912945628166198730e-01 1.313266903162002563e-01 9.416594170033931732e-03 -1.984707862138748169e-01 1.314500421285629272e-01 9.912245869636535645e-01 1.395845972001552582e-02 2.109431028366088867e+00 0.000000000000000000e+00 0.000000000000000000e+00 0.000000000000000000e+00 1.000000000000000000e+00
-7.327395956963300705e-03 1.440413389354944229e-02 -9.998694062232971191e-01 2.803254318237304688e+01 -9.913420677185058594e-01 1.309865415096282959e-01 9.151898324489593506e-03 -2.071968913078308105e-01 1.311012953519821167e-01 9.912794828414916992e-01 1.331963110715150833e-02 2.115747451782226562e+00 0.000000000000000000e+00 0.000000000000000000e+00 0.000000000000000000e+00 1.000000000000000000e+00
-6.047941744327545166e-03 1.227033138275146484e-02 -9.999063014984130859e-01 2.883964729309082031e+01 -9.915216565132141113e-01 1.297203451395034790e-01 7.589086424559354782e-03 -2.122387290000915527e-01 1.298013329505920410e-01 9.914746880531311035e-01 1.138175744563341141e-02 2.112463712692260742e+00 0.000000000000000000e+00 0.000000000000000000e+00 0.000000000000000000e+00 1.000000000000000000e+00
-5.459419451653957367e-03 1.212490256875753403e-02 -9.999114871025085449e-01 2.966251182556152344e+01 -9.916726350784301758e-01 1.285959482192993164e-01 6.973786745220422745e-03 -2.188150882720947266e-01 1.286691427230834961e-01 9.916229248046875000e-01 1.132187247276306152e-02 2.128377676010131836e+00 0.000000000000000000e+00 0.000000000000000000e+00 0.000000000000000000e+00 1.000000000000000000e+00
-4.706691484898328781e-03 1.299189776182174683e-02 -9.999045729637145996e-01 3.047298622131347656e+01 -9.918074011802673340e-01 1.275861710309982300e-01 6.326321978121995926e-03 -2.214031219482421875e-01 1.276561915874481201e-01 9.917423725128173828e-01 1.228495035320520401e-02 2.139339923858642578e+00 0.000000000000000000e+00 0.000000000000000000e+00 0.000000000000000000e+00 1.000000000000000000e+00
-3.115917788818478584e-03 1.553102117031812668e-02 -9.998745918273925781e-01 3.128989410400390625e+01 -9.920397400856018066e-01 1.258254945278167725e-01 5.045945756137371063e-03 -2.243972122669219971e-01 1.258881241083145142e-01 9.919307827949523926e-01 1.501532737165689468e-02 2.136981010437011719e+00 0.000000000000000000e+00 0.000000000000000000e+00 0.000000000000000000e+00 1.000000000000000000e+00
-2.044856781139969826e-03 1.769163832068443298e-02 -9.998413920402526855e-01 3.207644271850585938e+01 -9.922848343849182129e-01 1.239077597856521606e-01 4.221880808472633362e-03 -2.379185259342193604e-01 1.239628121256828308e-01 9.921360611915588379e-01 1.730176992714405060e-02 2.160594940185546875e+00 0.000000000000000000e+00 0.000000000000000000e+00 0.000000000000000000e+00 1.000000000000000000e+00
-1.640938920900225639e-03 2.113857120275497437e-02 -9.997752308845520020e-01 3.285813903808593750e+01 -9.922652244567871094e-01 1.240638196468353271e-01 4.251733422279357910e-03 -2.424570024013519287e-01 1.241257861256599426e-01 9.920490980148315430e-01 2.077148668467998505e-02 2.142066001892089844e+00 0.000000000000000000e+00 0.000000000000000000e+00 0.000000000000000000e+00 1.000000000000000000e+00
-1.661060494370758533e-03 2.013575658202171326e-02 -9.997957944869995117e-01 3.368654251098632812e+01 -9.923841953277587891e-01 1.231126785278320312e-01 4.128219094127416611e-03 -2.220714390277862549e-01 1.231706663966178894e-01 9.921883940696716309e-01 1.977790705859661102e-02 2.132021427154541016e+00 0.000000000000000000e+00 0.000000000000000000e+00 0.000000000000000000e+00 1.000000000000000000e+00
-5.936722154729068279e-04 2.024190127849578857e-02 -9.997949600219726562e-01 3.447040557861328125e+01 -9.924878478050231934e-01 1.223063319921493530e-01 3.065554425120353699e-03 -2.413125634193420410e-01 1.223433613777160645e-01 9.922859668731689453e-01 2.001722715795040131e-02 2.132147789001464844e+00 0.000000000000000000e+00 0.000000000000000000e+00 0.000000000000000000e+00 1.000000000000000000e+00
-3.364219737704843283e-04 2.001336403191089630e-02 -9.997996687889099121e-01 3.529050827026367188e+01 -9.925127625465393066e-01 1.221100911498069763e-01 2.778292866423726082e-03 -2.324915528297424316e-01 1.221412271261215210e-01 9.923147559165954590e-01 1.982243545353412628e-02 2.136260747909545898e+00 0.000000000000000000e+00 0.000000000000000000e+00 0.000000000000000000e+00 1.000000000000000000e+00
5.840382655151188374e-04 1.788172684609889984e-02 -9.998399615287780762e-01 3.607948684692382812e+01 -9.924321770668029785e-01 1.227842792868614197e-01 1.616234541870653629e-03 -2.179421186447143555e-01 1.227935105562210083e-01 9.922723174095153809e-01 1.781811006367206573e-02 2.137534379959106445e+00 0.000000000000000000e+00 0.000000000000000000e+00 0.000000000000000000e+00 1.000000000000000000e+00
1.404841081239283085e-03 1.667776517570018768e-02 -9.998599886894226074e-01 3.687985992431640625e+01 -9.926610589027404785e-01 1.209292784333229065e-01 6.223857053555548191e-04 -2.301774322986602783e-01 1.209227219223976135e-01 9.925210475921630859e-01 1.672525145113468170e-02 2.138399600982666016e+00 0.000000000000000000e+00 0.000000000000000000e+00 0.000000000000000000e+00 1.000000000000000000e+00
2.002543769776821136e-03 1.944620721042156219e-02 -9.998088479042053223e-01 3.765732955932617188e+01 -9.926387667655944824e-01 1.211131364107131958e-01 3.674584731925278902e-04 -2.244888693094253540e-01 1.210971400141716003e-01 9.924481511116027832e-01 1.954559236764907837e-02 2.128462553024291992e+00 0.000000000000000000e+00 0.000000000000000000e+00 0.000000000000000000e+00 1.000000000000000000e+00
1.694450154900550842e-03 2.356429584324359894e-02 -9.997208714485168457e-01 3.842678451538085938e+01 -9.929570555686950684e-01 1.184708401560783386e-01 1.109474571421742439e-03 -2.296618372201919556e-01 1.184639185667037964e-01 9.926779270172119141e-01 2.359907329082489014e-02 2.117496728897094727e+00 0.000000000000000000e+00 0.000000000000000000e+00 0.000000000000000000e+00 1.000000000000000000e+00
1.128160394728183746e-03 2.535375766456127167e-02 -9.996778368949890137e-01 3.922251510620117188e+01 -9.934573173522949219e-01 1.141912415623664856e-01 1.774968812242150307e-03 -2.363778501749038696e-01 1.141994595527648926e-01 9.931352138519287109e-01 2.531669847667217255e-02 2.121297121047973633e+00 0.000000000000000000e+00 0.000000000000000000e+00 0.000000000000000000e+00 1.000000000000000000e+00
6.067814538255333900e-04 2.254733629524707794e-02 -9.997457265853881836e-01 4.002420043945312500e+01 -9.934568405151367188e-01 1.141927093267440796e-01 1.972432248294353485e-03 -2.414612174034118652e-01 1.142081692814826965e-01 9.932027459144592285e-01 2.246909216046333313e-02 2.147217273712158203e+00 0.000000000000000000e+00 0.000000000000000000e+00 0.000000000000000000e+00 1.000000000000000000e+00
-3.395196108613163233e-05 1.657846383750438690e-02 -9.998624920845031738e-01 4.079807662963867188e+01 -9.938269257545471191e-01 1.109269261360168457e-01 1.872997498139739037e-03 -2.541635632514953613e-01 1.109427437186241150e-01 9.936902523040771484e-01 1.647235639393329620e-02 2.163763523101806641e+00 0.000000000000000000e+00 0.000000000000000000e+00 0.000000000000000000e+00 1.000000000000000000e+00
-6.547078955918550491e-04 6.794780492782592773e-03 -9.999767541885375977e-01 4.168432998657226562e+01 -9.930474162101745605e-01 1.177067905664443970e-01 1.449981238692998886e-03 -2.152995467185974121e-01 1.177138835191726685e-01 9.930252432823181152e-01 6.670475006103515625e-03 2.167880296707153320e+00 0.000000000000000000e+00 0.000000000000000000e+00 0.000000000000000000e+00 1.000000000000000000e+00
1.235888455994427204e-03 -2.030339324846863747e-03 -9.999971985816955566e-01 4.247588348388671875e+01 -9.931116700172424316e-01 1.171639561653137207e-01 -1.465262263081967831e-03 -2.219507396221160889e-01 1.171666085720062256e-01 9.931105375289916992e-01 -1.871551969088613987e-03 2.162701845169067383e+00 0.000000000000000000e+00 0.000000000000000000e+00 0.000000000000000000e+00 1.000000000000000000e+00
1.393827609717845917e-03 -4.439342767000198364e-03 -9.999891519546508789e-01 4.327014160156250000e+01 -9.933979511260986328e-01 1.147048920392990112e-01 -1.893860520794987679e-03 -2.320675253868103027e-01 1.147120594978332520e-01 9.933896660804748535e-01 -4.250154830515384674e-03 2.192743301391601562e+00 0.000000000000000000e+00 0.000000000000000000e+00 0.000000000000000000e+00 1.000000000000000000e+00
-1.155428544734604657e-04 -2.045805798843502998e-03 -9.999978542327880859e-01 4.394277954101562500e+01 -9.931976199150085449e-01 1.164421886205673218e-01 -1.234617811860516667e-04 -1.961767673492431641e-01 1.164422184228897095e-01 9.931953549385070801e-01 -2.045343164354562759e-03 2.190728664398193359e+00 0.000000000000000000e+00 0.000000000000000000e+00 0.000000000000000000e+00 1.000000000000000000e+00
3.371099592186510563e-04 3.985183720942586660e-04 -9.999998807907104492e-01 4.463405609130859375e+01 -9.931356310844421387e-01 1.169692203402519226e-01 -2.881818800233304501e-04 -1.890460699796676636e-01 1.169690936803817749e-01 9.931354522705078125e-01 4.352144314907491207e-04 2.192076444625854492e+00 0.000000000000000000e+00 0.000000000000000000e+00 0.000000000000000000e+00 1.000000000000000000e+00
-3.057083522435277700e-04 5.435451399534940720e-03 -9.999851584434509277e-01 4.532788085937500000e+01 -9.928120970726013184e-01 1.196803972125053406e-01 9.540417231619358063e-04 -1.781697869300842285e-01 1.196838095784187317e-01 9.927976131439208984e-01 5.359793547540903091e-03 2.210085391998291016e+00 0.000000000000000000e+00 0.000000000000000000e+00 0.000000000000000000e+00 1.000000000000000000e+00
4.357906582299619913e-04 7.820853032171726227e-03 -9.999694228172302246e-01 4.606180572509765625e+01 -9.925578236579895020e-01 1.217742189764976501e-01 5.198465078137814999e-04 -1.720384359359741211e-01 1.217745617032051086e-01 9.925270676612854004e-01 7.815715856850147247e-03 2.212439775466918945e+00 0.000000000000000000e+00 0.000000000000000000e+00 0.000000000000000000e+00 1.000000000000000000e+00
1.223036670126020908e-03 1.173485536128282547e-02 -9.999303817749023438e-01 4.672520828247070312e+01 -9.922901391983032227e-01 1.239372491836547852e-01 2.407950232736766338e-04 -1.632158309221267700e-01 1.239314600825309753e-01 9.922206997871398926e-01 1.179596036672592163e-02 2.232488155364990234e+00 0.000000000000000000e+00 0.000000000000000000e+00 0.000000000000000000e+00 1.000000000000000000e+00
9.188297553919255733e-04 1.320110913366079330e-02 -9.999124407768249512e-01 4.746076965332031250e+01 -9.923121333122253418e-01 1.237590909004211426e-01 7.220541592687368393e-04 -1.723783910274505615e-01 1.237577870488166809e-01 9.922245144844055176e-01 1.321333274245262146e-02 2.245202064514160156e+00 0.000000000000000000e+00 0.000000000000000000e+00 0.000000000000000000e+00 1.000000000000000000e+00
2.439664676785469055e-03 1.135597657412290573e-02 -9.999325871467590332e-01 4.819375228881835938e+01 -9.922875165939331055e-01 1.239546537399291992e-01 -1.013291417621076107e-03 -1.528283804655075073e-01 1.239348053932189941e-01 9.922229051589965820e-01 1.157080102711915970e-02 2.248450994491577148e+00 0.000000000000000000e+00 0.000000000000000000e+00 0.000000000000000000e+00 1.000000000000000000e+00
4.374738782644271851e-03 9.996870532631874084e-03 -9.999403953552246094e-01 4.888095474243164062e+01 -9.924959540367126465e-01 1.222387701272964478e-01 -3.120090579614043236e-03 -1.337141692638397217e-01 1.222003176808357239e-01 9.924502968788146973e-01 1.045661512762308121e-02 2.249314546585083008e+00 0.000000000000000000e+00 0.000000000000000000e+00 0.000000000000000000e+00 1.000000000000000000e+00
5.918325390666723251e-03 9.345768019556999207e-03 -9.999387860298156738e-01 4.957715225219726562e+01 -9.923291802406311035e-01 1.235346123576164246e-01 -4.718690179288387299e-03 -1.248497739434242249e-01 1.234829649329185486e-01 9.922962188720703125e-01 1.000519469380378723e-02 2.263866424560546875e+00 0.000000000000000000e+00 0.000000000000000000e+00 0.000000000000000000e+00 1.000000000000000000e+00
7.496327161788940430e-03 1.052339654415845871e-02 -9.999165534973144531e-01 5.028206253051757812e+01 -9.923030138015747070e-01 1.236823722720146179e-01 -6.137581542134284973e-03 -1.225330233573913574e-01 1.236074790358543396e-01 9.922660589218139648e-01 1.136956084519624710e-02 2.267395734786987305e+00 0.000000000000000000e+00 0.000000000000000000e+00 0.000000000000000000e+00 1.000000000000000000e+00
8.793631568551063538e-03 1.448884047567844391e-02 -9.998564124107360840e-01 5.096964263916015625e+01 -9.922461509704589844e-01 1.240962371230125427e-01 -6.928432267159223557e-03 -1.210589930415153503e-01 1.239780411124229431e-01 9.921644330024719238e-01 1.546775177121162415e-02 2.278224468231201172e+00 0.000000000000000000e+00 0.000000000000000000e+00 0.000000000000000000e+00 1.000000000000000000e+00
1.027233991771936417e-02 1.831547729671001434e-02 -9.997794628143310547e-01 5.166936111450195312e+01 -9.923232197761535645e-01 1.234169825911521912e-01 -7.934791967272758484e-03 -1.287134736776351929e-01 1.232444345951080322e-01 9.921858310699462891e-01 1.944265328347682953e-02 2.305258035659790039e+00 0.000000000000000000e+00 0.000000000000000000e+00 0.000000000000000000e+00 1.000000000000000000e+00
1.154243480414152145e-02 2.168820239603519440e-02 -9.996981024742126465e-01 5.234619903564453125e+01 -9.922231435775756836e-01 1.241635978221893311e-01 -8.762431330978870392e-03 -1.331578046083450317e-01 1.239360943436622620e-01 9.920246601104736328e-01 2.295268513262271881e-02 2.312709093093872070e+00 0.000000000000000000e+00 0.000000000000000000e+00 0.000000000000000000e+00 1.000000000000000000e+00
1.216525025665760040e-02 2.171701006591320038e-02 -9.996901750564575195e-01 5.300190734863281250e+01 -9.919875860214233398e-01 1.259910315275192261e-01 -9.334522299468517303e-03 -1.224424988031387329e-01 1.257492899894714355e-01 9.917936921119689941e-01 2.307571470737457275e-02 2.321919441223144531e+00 0.000000000000000000e+00 0.000000000000000000e+00 0.000000000000000000e+00 1.000000000000000000e+00
1.292725466191768646e-02 1.935644075274467468e-02 -9.997290372848510742e-01 5.367136764526367188e+01 -9.919128417968750000e-01 1.264964789152145386e-01 -1.037700101733207703e-02 -9.534300863742828369e-02 1.262613534927368164e-01 9.917781949043273926e-01 2.083515189588069916e-02 2.327139616012573242e+00 0.000000000000000000e+00 0.000000000000000000e+00 0.000000000000000000e+00 1.000000000000000000e+00
1.250839512795209885e-02 2.118419855833053589e-02 -9.996974468231201172e-01 5.432008743286132812e+01 -9.922137856483459473e-01 1.241628155112266541e-01 -9.783674031496047974e-03 -1.041586250066757202e-01 1.239180043339729309e-01 9.920357465744018555e-01 2.257232926785945892e-02 2.323222875595092773e+00 0.000000000000000000e+00 0.000000000000000000e+00 0.000000000000000000e+00 1.000000000000000000e+00
1.262334734201431274e-02 2.479617856442928314e-02 -9.996128678321838379e-01 5.496779251098632812e+01 -9.920246005058288574e-01 1.256934702396392822e-01 -9.409597143530845642e-03 -1.062886565923690796e-01 1.254114955663681030e-01 9.917591810226440430e-01 2.618508972227573395e-02 2.305921316146850586e+00 0.000000000000000000e+00 0.000000000000000000e+00 0.000000000000000000e+00 1.000000000000000000e+00
1.228324323892593384e-02 2.649911679327487946e-02 -9.995734095573425293e-01 5.559783935546875000e+01 -9.922811985015869141e-01 1.236884742975234985e-01 -8.914599195122718811e-03 -8.771740645170211792e-02 1.233994886279106140e-01 9.919672012329101562e-01 2.781386673450469971e-02 2.311715364456176758e+00 0.000000000000000000e+00 0.000000000000000000e+00 0.000000000000000000e+00 1.000000000000000000e+00
1.307965908199548721e-02 2.982326783239841461e-02 -9.994695782661437988e-01 5.628056335449218750e+01 -9.924657344818115234e-01 1.221664398908615112e-01 -9.342665784060955048e-03 -9.047285467386245728e-02 1.218230277299880981e-01 9.920613765716552734e-01 3.119646385312080383e-02 2.320924997329711914e+00 0.000000000000000000e+00 0.000000000000000000e+00 0.000000000000000000e+00 1.000000000000000000e+00
1.483659073710441589e-02 3.757817670702934265e-02 -9.991835951805114746e-01 5.687117385864257812e+01 -9.918539524078369141e-01 1.269919127225875854e-01 -9.951732121407985687e-03 -1.168367117643356323e-01 1.265142858028411865e-01 9.911916851997375488e-01 3.915618360042572021e-02 2.313182353973388672e+00 0.000000000000000000e+00 0.000000000000000000e+00 0.000000000000000000e+00 1.000000000000000000e+00
1.174686476588249207e-02 3.741932660341262817e-02 -9.992306232452392578e-01 5.748865509033203125e+01 -9.931789636611938477e-01 1.163712367415428162e-01 -7.317836862057447433e-03 -1.129918247461318970e-01 1.160078868269920349e-01 9.925006628036499023e-01 3.853107988834381104e-02 2.313899278640747070e+00 0.000000000000000000e+00 0.000000000000000000e+00 0.000000000000000000e+00 1.000000000000000000e+00
1.191652193665504456e-02 3.686375170946121216e-02 -9.992493391036987305e-01 5.816164398193359375e+01 -9.943118691444396973e-01 1.062125712633132935e-01 -7.939307019114494324e-03 -1.411455124616622925e-01 1.058401688933372498e-01 9.936599135398864746e-01 3.791974484920501709e-02 2.299426555633544922e+00 0.000000000000000000e+00 0.000000000000000000e+00 0.000000000000000000e+00 1.000000000000000000e+00
1.069037150591611862e-02 3.898033872246742249e-02 -9.991828203201293945e-01 5.878718185424804688e+01 -9.953942298889160156e-01 9.561689943075180054e-02 -6.919611245393753052e-03 -1.621223390102386475e-01 9.526904672384262085e-02 9.946547150611877441e-01 3.982298076152801514e-02 2.303048610687255859e+00 0.000000000000000000e+00 0.000000000000000000e+00 0.000000000000000000e+00 1.000000000000000000e+00
7.516189943999052048e-03 3.145492076873779297e-02 -9.994769096374511719e-01 5.946351242065429688e+01 -9.942735433578491211e-01 1.067871004343032837e-01 -4.116322379559278488e-03 -1.217806264758110046e-01 1.066017821431159973e-01 9.937842488288879395e-01 3.207742422819137573e-02 2.297337532043457031e+00 0.000000000000000000e+00 0.000000000000000000e+00 0.000000000000000000e+00 1.000000000000000000e+00
6.289409939199686050e-03 2.325826324522495270e-02 -9.997097253799438477e-01 6.011606216430664062e+01 -9.939941763877868652e-01 1.093711778521537781e-01 -3.708929987624287605e-03 -1.100010871887207031e-01 1.092531755566596985e-01 9.937288165092468262e-01 2.380645647644996643e-02 2.279377698898315430e+00 0.000000000000000000e+00 0.000000000000000000e+00 0.000000000000000000e+00 1.000000000000000000e+00
5.608254112303256989e-03 2.942466177046298981e-02 -9.995512962341308594e-01 6.076035690307617188e+01 -9.940968751907348633e-01 1.084711775183677673e-01 -2.384489635005593300e-03 -1.149926781654357910e-01 1.083523631095886230e-01 9.936640262603759766e-01 2.985929511487483978e-02 2.286643028259277344e+00 0.000000000000000000e+00 0.000000000000000000e+00 0.000000000000000000e+00 1.000000000000000000e+00
3.071413142606616020e-03 4.038821160793304443e-02 -9.991793036460876465e-01 6.132972335815429688e+01 -9.945514202117919922e-01 1.042418852448463440e-01 1.156414044089615345e-03 -1.333076208829879761e-01 1.042030677199363708e-01 9.937315583229064941e-01 4.048831760883331299e-02 2.274077653884887695e+00 0.000000000000000000e+00 0.000000000000000000e+00 0.000000000000000000e+00 1.000000000000000000e+00
-1.298111048527061939e-03 5.127884075045585632e-02 -9.986835122108459473e-01 6.192367935180664062e+01 -9.947279095649719238e-01 1.023411974310874939e-01 6.547825410962104797e-03 -1.476891487836837769e-01 1.025422587990760803e-01 9.934267401695251465e-01 5.087563768029212952e-02 2.254896402359008789e+00 0.000000000000000000e+00 0.000000000000000000e+00 0.000000000000000000e+00 1.000000000000000000e+00
-3.731769742444157600e-03 6.214510276913642883e-02 -9.980601668357849121e-01 6.253609085083007812e+01 -9.940416812896728516e-01 1.084972918033599854e-01 1.047242339700460434e-02 -1.339842677116394043e-01 1.089376434683799744e-01 9.921523928642272949e-01 6.136992573738098145e-02 2.274641752243041992e+00 0.000000000000000000e+00 0.000000000000000000e+00 0.000000000000000000e+00 1.000000000000000000e+00
-4.960973281413316727e-03 6.548801064491271973e-02 -9.978408813476562500e-01 6.312874603271484375e+01 -9.933505654335021973e-01 1.144542843103408813e-01 1.245024614036083221e-02 -1.270066499710083008e-01 1.150224879384040833e-01 9.912676215171813965e-01 6.448473781347274780e-02 2.282178878784179688e+00 0.000000000000000000e+00 0.000000000000000000e+00 0.000000000000000000e+00 1.000000000000000000e+00
-5.744306836277246475e-03 6.227944046258926392e-02 -9.980421662330627441e-01 6.376634597778320312e+01 -9.929416775703430176e-01 1.178819984197616577e-01 1.307097543030977249e-02 -1.263770014047622681e-01 1.184652596712112427e-01 9.910727143287658691e-01 6.116269156336784363e-02 2.259680509567260742e+00 0.000000000000000000e+00 0.000000000000000000e+00 0.000000000000000000e+00 1.000000000000000000e+00
-7.192843593657016754e-03 6.365001946687698364e-02 -9.979462623596191406e-01 6.435575103759765625e+01 -9.932927489280700684e-01 1.147179156541824341e-01 1.447612792253494263e-02 -1.287764459848403931e-01 1.154037788510322571e-01 9.913568496704101562e-01 6.239794939756393433e-02 2.212773561477661133e+00 0.000000000000000000e+00 0.000000000000000000e+00 0.000000000000000000e+00 1.000000000000000000e+00
-7.201863452792167664e-03 6.823916733264923096e-02 -9.976429939270019531e-01 6.499863433837890625e+01 -9.933741688728332520e-01 1.139471158385276794e-01 1.496507413685321808e-02 -1.529642045497894287e-01 1.146997436881065369e-01 9.911404848098754883e-01 6.696638464927673340e-02 2.196468591690063477e+00 0.000000000000000000e+00 0.000000000000000000e+00 0.000000000000000000e+00 1.000000000000000000e+00
-8.281170390546321869e-03 7.735627889633178711e-02 -9.969691038131713867e-01 6.554513549804687500e+01 -9.935190081596374512e-01 1.123926863074302673e-01 1.697322353720664978e-02 -1.727225482463836670e-01 1.133650317788124084e-01 9.906482696533203125e-01 7.592418044805526733e-02 2.173547506332397461e+00 0.000000000000000000e+00 0.000000000000000000e+00 0.000000000000000000e+00 1.000000000000000000e+00
-8.897544816136360168e-03 8.495847135782241821e-02 -9.963447451591491699e-01 6.616179656982421875e+01 -9.935743808746337891e-01 1.116774976253509521e-01 1.839556172490119934e-02 -1.831457912921905518e-01 1.128321588039398193e-01 9.901061654090881348e-01 8.341889083385467529e-02 2.154310464859008789e+00 0.000000000000000000e+00 0.000000000000000000e+00 0.000000000000000000e+00 1.000000000000000000e+00
-8.634635247290134430e-03 8.982356637716293335e-02 -9.959202408790588379e-01 6.673922729492187500e+01 -9.934440255165100098e-01 1.127670705318450928e-01 1.878380030393600464e-02 -1.769732832908630371e-01 1.139942631125450134e-01 9.895530343055725098e-01 8.826097100973129272e-02 2.112668037414550781e+00 0.000000000000000000e+00 0.000000000000000000e+00 0.000000000000000000e+00 1.000000000000000000e+00
-8.924737572669982910e-03 9.226888418197631836e-02 -9.956940412521362305e-01 6.732686614990234375e+01 -9.935119748115539551e-01 1.120799854397773743e-01 1.929139532148838043e-02 -1.961765587329864502e-01 1.133773922920227051e-01 9.894061088562011719e-01 9.066995233297348022e-02 2.090668916702270508e+00 0.000000000000000000e+00 0.000000000000000000e+00 0.000000000000000000e+00 1.000000000000000000e+00
-8.582679554820060730e-03 9.241733700037002563e-02 -9.956833124160766602e-01 6.792238616943359375e+01 -9.936636686325073242e-01 1.108035892248153687e-01 1.884983852505683899e-02 -2.337888181209564209e-01 1.120673716068267822e-01 9.895360469818115234e-01 9.088075160980224609e-02 2.045424461364746094e+00 0.000000000000000000e+00 0.000000000000000000e+00 0.000000000000000000e+00 1.000000000000000000e+00
-8.638701401650905609e-03 9.256976097822189331e-02 -9.956687688827514648e-01 6.855970764160156250e+01 -9.938232302665710449e-01 1.093736216425895691e-01 1.879142224788665771e-02 -2.613093554973602295e-01 1.106394305825233459e-01 9.896808862686157227e-01 9.105312079191207886e-02 2.025937318801879883e+00 0.000000000000000000e+00 0.000000000000000000e+00 0.000000000000000000e+00 1.000000000000000000e+00
-8.034574799239635468e-03 9.502150863409042358e-02 -9.954427480697631836e-01 6.913953399658203125e+01 -9.937846064567565918e-01 1.097732409834861755e-01 1.849976368248462677e-02 -2.757938802242279053e-01 1.110308840870857239e-01 9.894041419029235840e-01 9.354892373085021973e-02 2.012090682983398438e+00 0.000000000000000000e+00 0.000000000000000000e+00 0.000000000000000000e+00 1.000000000000000000e+00
-8.273305371403694153e-03 9.584229439496994019e-02 -9.953621625900268555e-01 6.971040344238281250e+01 -9.935010671615600586e-01 1.122163981199264526e-01 1.906302571296691895e-02 -2.958883345127105713e-01 1.135230138897895813e-01 9.890509247779846191e-01 9.429101645946502686e-02 1.972267389297485352e+00 0.000000000000000000e+00 0.000000000000000000e+00 0.000000000000000000e+00 1.000000000000000000e+00
-8.010518737137317657e-03 9.409018605947494507e-02 -9.955313801765441895e-01 7.034059143066406250e+01 -9.934445023536682129e-01 1.127838417887687683e-01 1.865321025252342224e-02 -3.202480375766754150e-01 1.140349581837654114e-01 9.891545772552490234e-01 9.256990253925323486e-02 1.925439834594726562e+00 0.000000000000000000e+00 0.000000000000000000e+00 0.000000000000000000e+00 1.000000000000000000e+00
-7.184776011854410172e-03 9.160139411687850952e-02 -9.957697987556457520e-01 7.092543792724609375e+01 -9.936449527740478516e-01 1.112078279256820679e-01 1.739951036870479584e-02 -3.310280740261077881e-01 1.123312190175056458e-01 9.895666241645812988e-01 9.022024273872375488e-02 1.889641880989074707e+00 0.000000000000000000e+00 0.000000000000000000e+00 0.000000000000000000e+00 1.000000000000000000e+00
-6.605672650039196014e-03 8.961363881826400757e-02 -9.959546327590942383e-01 7.151844787597656250e+01 -9.939581751823425293e-01 1.085342243313789368e-01 1.635808125138282776e-02 -3.486821651458740234e-01 1.095610782504081726e-01 9.900453090667724609e-01 8.835525810718536377e-02 1.851876974105834961e+00 0.000000000000000000e+00 0.000000000000000000e+00 0.000000000000000000e+00 1.000000000000000000e+00
-6.407188717275857925e-03 8.706770092248916626e-02 -9.961817860603332520e-01 7.211910247802734375e+01 -9.941804409027099609e-01 1.065773144364356995e-01 1.570932567119598389e-02 -3.732622265815734863e-01 1.075381860136985779e-01 9.904848933219909668e-01 8.587813377380371094e-02 1.821821331977844238e+00 0.000000000000000000e+00 0.000000000000000000e+00 0.000000000000000000e+00 1.000000000000000000e+00
-5.708508659154176712e-03 8.774088323116302490e-02 -9.961268901824951172e-01 7.271070098876953125e+01 -9.945459365844726562e-01 1.032460853457450867e-01 1.479357201606035233e-02 -3.978903293609619141e-01 1.041442230343818665e-01 9.907783269882202148e-01 8.667294681072235107e-02 1.781427025794982910e+00 0.000000000000000000e+00 0.000000000000000000e+00 0.000000000000000000e+00 1.000000000000000000e+00
