6.126490887254476547e-03 -1.702624186873435974e-02 9.998362660408020020e-01 1.538666725158691406e+00 -9.999681711196899414e-01 5.010883789509534836e-03 6.212629377841949463e-03 -2.493885718286037445e-02 -5.115841049700975418e-03 -9.998424649238586426e-01 -1.699500158429145813e-02 2.115339994430541992e+00 0.000000000000000000e+00 0.000000000000000000e+00 0.000000000000000000e+00 1.000000000000000000e+00
6.126600783318281174e-03 -1.616349816322326660e-02 9.998505711555480957e-01 2.290389299392700195e+00 -9.999808073043823242e-01 7.930798456072807312e-04 6.140219978988170624e-03 -2.048650197684764862e-02 -8.922088309191167355e-04 -9.998690485954284668e-01 -1.615832932293415070e-02 2.116775751113891602e+00 0.000000000000000000e+00 0.000000000000000000e+00 0.000000000000000000e+00 1.000000000000000000e+00
5.457075778394937515e-03 -1.319159101694822311e-02 9.998980760574340820e-01 3.044220924377441406e+00 -9.999845623970031738e-01 9.669856517575681210e-04 5.470304749906063080e-03 -1.740062795579433441e-02 -1.039049122482538223e-03 -9.999125003814697266e-01 -1.318611018359661102e-02 2.119096040725708008e+00 0.000000000000000000e+00 0.000000000000000000e+00 0.000000000000000000e+00 1.000000000000000000e+00
4.875165876001119614e-03 -1.213886868208646774e-02 9.999144077301025391e-01 3.807507038116455078e+00 -9.999879598617553711e-01 -5.833708564750850201e-04 4.868442658334970474e-03 -1.667559333145618439e-02 5.242235492914915085e-04 -9.999261498451232910e-01 -1.214156672358512878e-02 2.122280597686767578e+00 0.000000000000000000e+00 0.000000000000000000e+00 0.000000000000000000e+00 1.000000000000000000e+00
4.885378759354352951e-03 -1.165702287107706070e-02 9.999201297760009766e-01 4.579696178436279297e+00 -9.999869465827941895e-01 1.429092255420982838e-03 4.902365617454051971e-03 -2.223138138651847839e-02 -1.486125052906572819e-03 -9.999310374259948730e-01 -1.164988894015550613e-02 2.126227855682373047e+00 0.000000000000000000e+00 0.000000000000000000e+00 0.000000000000000000e+00 1.000000000000000000e+00
4.695009905844926834e-03 -1.232741586863994598e-02 9.999129772186279297e-01 5.360348224639892578e+00 -9.999872446060180664e-01 1.808094908483326435e-03 4.717649426311254501e-03 -2.438012883067131042e-02 -1.866093953140079975e-03 -9.999223947525024414e-01 -1.231876946985721588e-02 2.130203008651733398e+00 0.000000000000000000e+00 0.000000000000000000e+00 0.000000000000000000e+00 1.000000000000000000e+00
4.127786960452795029e-03 -1.356788817793130875e-02 9.998994469642639160e-01 6.148596763610839844e+00 -9.999816417694091797e-01 4.382997285574674606e-03 4.187600221484899521e-03 -2.962017618119716644e-02 -4.439373500645160675e-03 -9.998983740806579590e-01 -1.354954671114683151e-02 2.132996559143066406e+00 0.000000000000000000e+00 0.000000000000000000e+00 0.000000000000000000e+00 1.000000000000000000e+00
3.838445758447051048e-03 -1.452394668012857437e-02 9.998871684074401855e-01 6.943531990051269531e+00 -9.999796152114868164e-01 5.048661492764949799e-03 3.912135493010282516e-03 -3.527210280299186707e-02 -5.104911513626575470e-03 -9.998818039894104004e-01 -1.450427155941724777e-02 2.134971141815185547e+00 0.000000000000000000e+00 0.000000000000000000e+00 0.000000000000000000e+00 1.000000000000000000e+00
3.552198410034179688e-03 -1.442611403763294220e-02 9.998896121978759766e-01 7.742248535156250000e+00 -9.999791979789733887e-01 5.328723229467868805e-03 3.629398066550493240e-03 -3.836179897189140320e-02 -5.380493123084306717e-03 -9.998817443847656250e-01 -1.440688595175743103e-02 2.136331081390380859e+00 0.000000000000000000e+00 0.000000000000000000e+00 0.000000000000000000e+00 1.000000000000000000e+00
3.071211045607924461e-03 -1.518818829208612442e-02 9.998799562454223633e-01 8.546147346496582031e+00 -9.999758601188659668e-01 6.181632168591022491e-03 3.165404777973890305e-03 -4.228983074426651001e-02 -6.228966638445854187e-03 -9.998655319213867188e-01 -1.516883634030818939e-02 2.138220310211181641e+00 0.000000000000000000e+00 0.000000000000000000e+00 0.000000000000000000e+00 1.000000000000000000e+00
2.966380212455987930e-03 -1.663374342024326324e-02 9.998572468757629395e-01 9.348326683044433594e+00 -9.999889731407165527e-01 3.595632268115878105e-03 3.026588354259729385e-03 -4.283204674720764160e-02 -3.645462449640035629e-03 -9.998551607131958008e-01 -1.662289351224899292e-02 2.140286684036254883e+00 0.000000000000000000e+00 0.000000000000000000e+00 0.000000000000000000e+00 1.000000000000000000e+00
2.677796408534049988e-03 -1.702033728361129761e-02 9.998515844345092773e-01 1.014485454559326172e+01 -9.999933242797851562e-01 2.439984120428562164e-03 2.719711512327194214e-03 -4.198401421308517456e-02 -2.485912293195724487e-03 -9.998521804809570312e-01 -1.701368950307369232e-02 2.140068531036376953e+00 0.000000000000000000e+00 0.000000000000000000e+00 0.000000000000000000e+00 1.000000000000000000e+00
2.200185786932706833e-03 -1.577636972069740295e-02 9.998731017112731934e-01 1.093206787109375000e+01 -9.999961256980895996e-01 1.657317974604666233e-03 2.226606244221329689e-03 -4.260594397783279419e-02 -1.692235469818115234e-03 -9.998741745948791504e-01 -1.577266119420528412e-02 2.140578269958496094e+00 0.000000000000000000e+00 0.000000000000000000e+00 0.000000000000000000e+00 1.000000000000000000e+00
2.103419741615653038e-03 -1.300011016428470612e-02 9.999132752418518066e-01 1.171131992340087891e+01 -9.999975562095642090e-01 6.852620863355696201e-04 2.112506190314888954e-03 -4.627750813961029053e-02 -7.126654963940382004e-04 -9.999152421951293945e-01 -1.299863681197166443e-02 2.142620086669921875e+00 0.000000000000000000e+00 0.000000000000000000e+00 0.000000000000000000e+00 1.000000000000000000e+00
1.237138756550848484e-03 -1.214162353426218033e-02 9.999254941940307617e-01 1.248691463470458984e+01 -9.999992251396179199e-01 -2.047860907623544335e-04 1.234743278473615646e-03 -4.638852551579475403e-02 1.897790498333051801e-04 -9.999262690544128418e-01 -1.214186754077672958e-02 2.147029638290405273e+00 0.000000000000000000e+00 0.000000000000000000e+00 0.000000000000000000e+00 1.000000000000000000e+00
3.760702384170144796e-04 -1.396443601697683334e-02 9.999024271965026855e-01 1.326104450225830078e+01 -9.999998807907104492e-01 -3.140379267279058695e-04 3.717211075127124786e-04 -4.999499395489692688e-02 3.088164085056632757e-04 -9.999024271965026855e-01 -1.396455336362123489e-02 2.149605989456176758e+00 0.000000000000000000e+00 0.000000000000000000e+00 0.000000000000000000e+00 1.000000000000000000e+00
1.865613885456696153e-04 -1.539915334433317184e-02 9.998813867568969727e-01 1.402966117858886719e+01 -9.999999403953552246e-01 2.646881912369281054e-04 1.906599645735695958e-04 -5.758141726255416870e-02 -2.675928117241710424e-04 -9.998813867568969727e-01 -1.539910305291414261e-02 2.151938676834106445e+00 0.000000000000000000e+00 0.000000000000000000e+00 0.000000000000000000e+00 1.000000000000000000e+00
-3.879566502291709185e-04 -1.674460060894489288e-02 9.998597502708435059e-01 1.479818725585937500e+01 -9.999998807907104492e-01 -2.198956208303570747e-04 -3.916936111636459827e-04 -6.201745569705963135e-02 2.264235372422263026e-04 -9.998597502708435059e-01 -1.674451306462287903e-02 2.152424097061157227e+00 0.000000000000000000e+00 0.000000000000000000e+00 0.000000000000000000e+00 1.000000000000000000e+00
-1.249701832421123981e-03 -1.654525846242904663e-02 9.998623132705688477e-01 1.556293487548828125e+01 -9.999988079071044922e-01 9.090995299629867077e-04 -1.234829076565802097e-03 -6.838737428188323975e-02 -8.885438437573611736e-04 -9.998627305030822754e-01 -1.654637418687343597e-02 2.152262449264526367e+00 0.000000000000000000e+00 0.000000000000000000e+00 0.000000000000000000e+00 1.000000000000000000e+00
-1.538039068691432476e-03 -1.617133803665637970e-02 9.998680353164672852e-01 1.632766723632812500e+01 -9.999987483024597168e-01 -3.466629132162779570e-04 -1.543846912682056427e-03 -7.471691071987152100e-02 3.715832426678389311e-04 -9.998691678047180176e-01 -1.617078483104705811e-02 2.153413295745849609e+00 0.000000000000000000e+00 0.000000000000000000e+00 0.000000000000000000e+00 1.000000000000000000e+00
-1.623442280106246471e-03 -1.879598386585712433e-02 9.998220205307006836e-01 1.709708023071289062e+01 -9.999858736991882324e-01 -5.025834776461124420e-03 -1.718190615065395832e-03 -7.294306904077529907e-02 5.057235248386859894e-03 -9.998106956481933594e-01 -1.878755912184715271e-02 2.154080629348754883e+00 0.000000000000000000e+00 0.000000000000000000e+00 0.000000000000000000e+00 1.000000000000000000e+00
-1.773519208654761314e-03 -2.143434993922710419e-02 9.997686743736267090e-01 1.786933898925781250e+01 -9.999347925186157227e-01 -1.123978104442358017e-02 -2.014786936342716217e-03 -6.427853554487228394e-02 1.128036621958017349e-02 -9.997071027755737305e-01 -2.141301892697811127e-02 2.152562856674194336e+00 0.000000000000000000e+00 0.000000000000000000e+00 0.000000000000000000e+00 1.000000000000000000e+00
-1.682600821368396282e-03 -2.039614692330360413e-02 9.997905492782592773e-01 1.863710212707519531e+01 -9.999076128005981445e-01 -1.345082838088274002e-02 -1.957200234755873680e-03 -6.339381635189056396e-02 1.348793040961027145e-02 -9.997014999389648438e-01 -2.037163078784942627e-02 2.150534868240356445e+00 0.000000000000000000e+00 0.000000000000000000e+00 0.000000000000000000e+00 1.000000000000000000e+00
-1.629112521186470985e-03 -1.734114252030849457e-02 9.998483061790466309e-01 1.940196037292480469e+01 -9.998826980590820312e-01 -1.519798953086137772e-02 -1.892759115435183048e-03 -6.681965291500091553e-02 1.522850710898637772e-02 -9.997341036796569824e-01 -1.731434836983680725e-02 2.148547172546386719e+00 0.000000000000000000e+00 0.000000000000000000e+00 0.000000000000000000e+00 1.000000000000000000e+00
-2.459876472130417824e-03 -1.373012363910675049e-02 9.999027252197265625e-01 2.016733932495117188e+01 -9.998440742492675781e-01 -1.745062135159969330e-02 -2.699354663491249084e-03 -6.686288863420486450e-02 1.748598739504814148e-02 -9.997534751892089844e-01 -1.368505693972110748e-02 2.150338649749755859e+00 0.000000000000000000e+00 0.000000000000000000e+00 0.000000000000000000e+00 1.000000000000000000e+00
-3.007421037182211876e-03 -1.108661759644746780e-02 9.999340176582336426e-01 2.093453979492187500e+01 -9.997755289077758789e-01 -2.093742787837982178e-02 -3.239084966480731964e-03 -6.456923484802246094e-02 2.097195573151111603e-02 -9.997193217277526855e-01 -1.102116145193576813e-02 2.155606508255004883e+00 0.000000000000000000e+00 0.000000000000000000e+00 0.000000000000000000e+00 1.000000000000000000e+00
-2.819530433043837547e-03 -1.138541381806135178e-02 9.999312162399291992e-01 2.170417404174804688e+01 -9.997386336326599121e-01 -2.265439182519912720e-02 -3.076934721320867538e-03 -6.822598725557327271e-02 2.268786542117595673e-02 -9.996785521507263184e-01 -1.131856255233287811e-02 2.160522937774658203e+00 0.000000000000000000e+00 0.000000000000000000e+00 0.000000000000000000e+00 1.000000000000000000e+00
-2.694155322387814522e-03 -1.262736972421407700e-02 9.999166131019592285e-01 2.247321701049804688e+01 -9.997435808181762695e-01 -2.244915254414081573e-02 -2.977186348289251328e-03 -7.454530149698257446e-02 2.248487435281276703e-02 -9.996682405471801758e-01 -1.256364956498146057e-02 2.164139986038208008e+00 0.000000000000000000e+00 0.000000000000000000e+00 0.000000000000000000e+00 1.000000000000000000e+00
-2.853761892765760422e-03 -1.356434635818004608e-02 9.999039173126220703e-01 2.323880577087402344e+01 -9.998036026954650879e-01 -1.957078278064727783e-02 -3.118966007605195045e-03 -8.460336178541183472e-02 1.961120963096618652e-02 -9.997164607048034668e-01 -1.350583229213953018e-02 2.166386127471923828e+00 0.000000000000000000e+00 0.000000000000000000e+00 0.000000000000000000e+00 1.000000000000000000e+00
-2.746124053373932838e-03 -1.403480023145675659e-02 9.998977184295654297e-01 2.399800109863281250e+01 -9.998188018798828125e-01 -1.879734359681606293e-02 -3.009751206263899803e-03 -9.345531463623046875e-02 1.883766241371631622e-02 -9.997248053550720215e-01 -1.398063637316226959e-02 2.169511079788208008e+00 0.000000000000000000e+00 0.000000000000000000e+00 0.000000000000000000e+00 1.000000000000000000e+00
-2.817427273839712143e-03 -1.517563406378030777e-02 9.998808503150939941e-01 2.474917793273925781e+01 -9.998413324356079102e-01 -1.754365116357803345e-02 -3.083583666011691093e-03 -1.017312407493591309e-01 1.758835650980472565e-02 -9.997309446334838867e-01 -1.512379851192235947e-02 2.170992136001586914e+00 0.000000000000000000e+00 0.000000000000000000e+00 0.000000000000000000e+00 1.000000000000000000e+00
-2.697569783776998520e-03 -1.651651971042156219e-02 9.998599290847778320e-01 2.549470329284667969e+01 -9.998401999473571777e-01 -1.762531697750091553e-02 -2.988666063174605370e-03 -1.072712317109107971e-01 1.767221093177795410e-02 -9.997082352638244629e-01 -1.646633446216583252e-02 2.171384334564208984e+00 0.000000000000000000e+00 0.000000000000000000e+00 0.000000000000000000e+00 1.000000000000000000e+00
-2.493970561772584915e-03 -1.717479340732097626e-02 9.998493790626525879e-01 2.623298835754394531e+01 -9.998589754104614258e-01 -1.656081341207027435e-02 -2.778466092422604561e-03 -1.133314967155456543e-01 1.660603843629360199e-02 -9.997153282165527344e-01 -1.713106967508792877e-02 2.172062873840332031e+00 0.000000000000000000e+00 0.000000000000000000e+00 0.000000000000000000e+00 1.000000000000000000e+00
-2.410861896350979805e-03 -1.640066318213939667e-02 9.998626112937927246e-01 2.696553993225097656e+01 -9.998701214790344238e-01 -1.589427329599857330e-02 -2.671592403203248978e-03 -1.204001829028129578e-01 1.593590527772903442e-02 -9.997391700744628906e-01 -1.636021398007869720e-02 2.172046899795532227e+00 0.000000000000000000e+00 0.000000000000000000e+00 0.000000000000000000e+00 1.000000000000000000e+00
-2.144120633602142334e-03 -1.504848338663578033e-02 9.998844861984252930e-01 2.769443702697753906e+01 -9.998812079429626465e-01 -1.522767916321754456e-02 -2.373293740674853325e-03 -1.267300844192504883e-01 1.526163425296545029e-02 -9.997708201408386230e-01 -1.501404587179422379e-02 2.173009157180786133e+00 0.000000000000000000e+00 0.000000000000000000e+00 0.000000000000000000e+00 1.000000000000000000e+00
-1.764953252859413624e-03 -1.465215161442756653e-02 9.998911023139953613e-01 2.842230224609375000e+01 -9.998949766159057617e-01 -1.435858663171529770e-02 -1.975367078557610512e-03 -1.315748691558837891e-01 1.438596565276384354e-02 -9.997895359992980957e-01 -1.462526991963386536e-02 2.174625396728515625e+00 0.000000000000000000e+00 0.000000000000000000e+00 0.000000000000000000e+00 1.000000000000000000e+00
-1.369148725643754005e-03 -1.540668867528438568e-02 9.998803734779357910e-01 2.915100860595703125e+01 -9.999079108238220215e-01 -1.348059624433517456e-02 -1.576902577653527260e-03 -1.376327574253082275e-01 1.350327860563993454e-02 -9.997904300689697266e-01 -1.538681238889694214e-02 2.175538539886474609e+00 0.000000000000000000e+00 0.000000000000000000e+00 0.000000000000000000e+00 1.000000000000000000e+00
-5.847954307682812214e-04 -1.663088798522949219e-02 9.998615384101867676e-01 2.987926864624023438e+01 -9.999297857284545898e-01 -1.182410307228565216e-02 -7.815079297870397568e-04 -1.448259055614471436e-01 1.183546334505081177e-02 -9.997918009757995605e-01 -1.662280596792697906e-02 2.175779104232788086e+00 0.000000000000000000e+00 0.000000000000000000e+00 0.000000000000000000e+00 1.000000000000000000e+00
2.034351491602137685e-04 -1.853143610060214996e-02 9.998282790184020996e-01 3.060814094543457031e+01 -9.999433159828186035e-01 -1.064474787563085556e-02 6.162210866023087874e-06 -1.502731293439865112e-01 1.064280606806278229e-02 -9.997715950012207031e-01 -1.853255182504653931e-02 2.176006317138671875e+00 0.000000000000000000e+00 0.000000000000000000e+00 0.000000000000000000e+00 1.000000000000000000e+00
1.284695026697590947e-04 -2.054245583713054657e-02 9.997889995574951172e-01 3.133590888977050781e+01 -9.999484419822692871e-01 -1.015539374202489853e-02 -8.017075742827728391e-05 -1.548296064138412476e-01 1.015489734709262848e-02 -9.997373819351196289e-01 -2.054269984364509583e-02 2.173119544982910156e+00 0.000000000000000000e+00 0.000000000000000000e+00 0.000000000000000000e+00 1.000000000000000000e+00
2.211054525105282664e-04 -2.063046582043170929e-02 9.997871518135070801e-01 3.206064605712890625e+01 -9.999594688415527344e-01 -9.002737700939178467e-03 3.537335942382924259e-05 -1.596450060606002808e-01 9.000090882182121277e-03 -9.997466206550598145e-01 -2.063162066042423248e-02 2.171154737472534180e+00 0.000000000000000000e+00 0.000000000000000000e+00 0.000000000000000000e+00 1.000000000000000000e+00
6.955827120691537857e-04 -2.024083584547042847e-02 9.997949004173278809e-01 3.278415679931640625e+01 -9.999619722366333008e-01 -8.708078414201736450e-03 5.194040131755173206e-04 -1.656296104192733765e-01 8.695779368281364441e-03 -9.997572302818298340e-01 -2.024612389504909515e-02 2.167930126190185547e+00 0.000000000000000000e+00 0.000000000000000000e+00 0.000000000000000000e+00 1.000000000000000000e+00
7.898068288341164589e-04 -2.023737132549285889e-02 9.997949004173278809e-01 3.350687026977539062e+01 -9.999659657478332520e-01 -8.226930163800716400e-03 6.234163301996886730e-04 -1.683256328105926514e-01 8.212625980377197266e-03 -9.997613430023193359e-01 -2.024318091571331024e-02 2.165180921554565430e+00 0.000000000000000000e+00 0.000000000000000000e+00 0.000000000000000000e+00 1.000000000000000000e+00
1.445614034309983253e-03 -1.841421052813529968e-02 9.998294115066528320e-01 3.422674179077148438e+01 -9.999579191207885742e-01 -9.085034020245075226e-03 1.278477604500949383e-03 -1.708454489707946777e-01 9.059942327439785004e-03 -9.997891783714294434e-01 -1.842656917870044708e-02 2.164195299148559570e+00 0.000000000000000000e+00 0.000000000000000000e+00 0.000000000000000000e+00 1.000000000000000000e+00
1.822390826418995857e-03 -1.783078163862228394e-02 9.998393654823303223e-01 3.494654846191406250e+01 -9.999663829803466797e-01 -8.024902082979679108e-03 1.679509063251316547e-03 -1.741991490125656128e-01 7.993666455149650574e-03 -9.998087882995605469e-01 -1.784480735659599304e-02 2.163403034210205078e+00 0.000000000000000000e+00 0.000000000000000000e+00 0.000000000000000000e+00 1.000000000000000000e+00
1.745937624946236610e-03 -1.956495456397533417e-02 9.998070597648620605e-01 3.566951751708984375e+01 -9.999503493309020996e-01 -9.840670973062515259e-03 1.553618465550243855e-03 -1.739317476749420166e-01 9.808375500142574310e-03 -9.997601509094238281e-01 -1.958116516470909119e-02 2.162119626998901367e+00 0.000000000000000000e+00 0.000000000000000000e+00 0.000000000000000000e+00 1.000000000000000000e+00
1.184116816148161888e-03 -2.224056422710418701e-02 9.997519254684448242e-01 3.639358139038085938e+01 -9.999752044677734375e-01 -6.963304709643125534e-03 1.029475126415491104e-03 -1.798619776964187622e-01 6.938681006431579590e-03 -9.997283816337585449e-01 -2.224825881421566010e-02 2.159402132034301758e+00 0.000000000000000000e+00 0.000000000000000000e+00 0.000000000000000000e+00 1.000000000000000000e+00
5.844071274623274803e-04 -2.336601912975311279e-02 9.997268319129943848e-01 3.711341476440429688e+01 -9.999983906745910645e-01 -1.694863662123680115e-03 5.449528689496219158e-04 -1.947592943906784058e-01 1.681667170487344265e-03 -9.997255206108093262e-01 -2.336697094142436981e-02 2.154047489166259766e+00 0.000000000000000000e+00 0.000000000000000000e+00 0.000000000000000000e+00 1.000000000000000000e+00
1.906536926981061697e-04 -2.153733000159263611e-02 9.997680187225341797e-01 3.782922744750976562e+01 -9.999999403953552246e-01 -2.740828203968703747e-04 1.847935345722362399e-04 -2.064930051565170288e-01 2.700392797123640776e-04 -9.997680187225341797e-01 -2.153738029301166534e-02 2.149214744567871094e+00 0.000000000000000000e+00 0.000000000000000000e+00 0.000000000000000000e+00 1.000000000000000000e+00
-3.888612845912575722e-04 -1.758983545005321503e-02 9.998452067375183105e-01 3.854117584228515625e+01 -9.999969005584716797e-01 2.469735220074653625e-03 -3.454713150858879089e-04 -2.137600928544998169e-01 -2.463276032358407974e-03 -9.998422265052795410e-01 -1.759074069559574127e-02 2.146579742431640625e+00 0.000000000000000000e+00 0.000000000000000000e+00 0.000000000000000000e+00 1.000000000000000000e+00
-5.046125734224915504e-04 -1.072250120341777802e-02 9.999423623085021973e-01 3.924939346313476562e+01 -9.999957680702209473e-01 -2.850139746442437172e-03 -5.352019215933978558e-04 -2.114809006452560425e-01 2.855714177712798119e-03 -9.999384284019470215e-01 -1.072101853787899017e-02 2.150469303131103516e+00 0.000000000000000000e+00 0.000000000000000000e+00 0.000000000000000000e+00 1.000000000000000000e+00
2.214868582086637616e-04 -4.497313871979713440e-03 9.999898672103881836e-01 3.995751953125000000e+01 -9.999902844429016113e-01 -4.397960379719734192e-03 2.017077495111152530e-04 -2.126149386167526245e-01 4.397008568048477173e-03 -9.999802112579345703e-01 -4.498244263231754303e-03 2.157243251800537109e+00 0.000000000000000000e+00 0.000000000000000000e+00 0.000000000000000000e+00 1.000000000000000000e+00
-1.583101839059963822e-04 -2.672336995601654053e-03 9.999964237213134766e-01 4.067337036132812500e+01 -9.999936223030090332e-01 -3.560114884749054909e-03 -1.678236149018630385e-04 -2.162704318761825562e-01 3.560550743713974953e-03 -9.999901056289672852e-01 -2.671756315976381302e-03 2.167363405227661133e+00 0.000000000000000000e+00 0.000000000000000000e+00 0.000000000000000000e+00 1.000000000000000000e+00
-6.491788080893456936e-04 -4.506324883550405502e-03 9.999896287918090820e-01 4.139702606201171875e+01 -9.999867677688598633e-01 -5.099401809275150299e-03 -6.721567478962242603e-04 -2.183628678321838379e-01 5.102377850562334061e-03 -9.999768733978271484e-01 -4.502954892814159393e-03 2.176996946334838867e+00 0.000000000000000000e+00 0.000000000000000000e+00 0.000000000000000000e+00 1.000000000000000000e+00
-4.606623260769993067e-04 -6.334912031888961792e-03 9.999798536300659180e-01 4.212411117553710938e+01 -9.999798536300659180e-01 -6.326905917376279831e-03 -5.007435684092342854e-04 -2.190469652414321899e-01 6.329950410872697830e-03 -9.999599456787109375e-01 -6.331869866698980331e-03 2.186482906341552734e+00 0.000000000000000000e+00 0.000000000000000000e+00 0.000000000000000000e+00 1.000000000000000000e+00
-9.345409926027059555e-04 -9.904283098876476288e-03 9.999505281448364258e-01 4.285434341430664062e+01 -9.999589323997497559e-01 -9.002074599266052246e-03 -1.023712335154414177e-03 -2.167839407920837402e-01 9.011768735945224762e-03 -9.999104142189025879e-01 -9.895464405417442322e-03 2.193349361419677734e+00 0.000000000000000000e+00 0.000000000000000000e+00 0.000000000000000000e+00 1.000000000000000000e+00
-4.512110899668186903e-04 -1.134825125336647034e-02 9.999355077743530273e-01 4.358611297607421875e+01 -9.999435544013977051e-01 -1.060789730399847031e-02 -5.716035957448184490e-04 -2.185049951076507568e-01 1.061370037496089935e-02 -9.998793601989746094e-01 -1.134282443672418594e-02 2.198162078857421875e+00 0.000000000000000000e+00 0.000000000000000000e+00 0.000000000000000000e+00 1.000000000000000000e+00
-1.428551622666418552e-04 -1.404763292521238327e-02 9.999012947082519531e-01 4.432185363769531250e+01 -9.999080896377563477e-01 -1.355439983308315277e-02 -3.332821361254900694e-04 -2.169423848390579224e-01 1.355774328112602234e-02 -9.998094439506530762e-01 -1.404440496116876602e-02 2.201987981796264648e+00 0.000000000000000000e+00 0.000000000000000000e+00 0.000000000000000000e+00 1.000000000000000000e+00
-3.180899075232446194e-04 -1.499963365495204926e-02 9.998874664306640625e-01 4.505765533447265625e+01 -9.999265074729919434e-01 -1.211544126272201538e-02 -4.998499643988907337e-04 -2.185197621583938599e-01 1.212157495319843292e-02 -9.998140931129455566e-01 -1.499467715620994568e-02 2.203352212905883789e+00 0.000000000000000000e+00 0.000000000000000000e+00 0.000000000000000000e+00 1.000000000000000000e+00
1.105082221329212189e-03 -1.363436039537191391e-02 9.999064207077026367e-01 4.579439544677734375e+01 -9.999376535415649414e-01 -1.112794131040573120e-02 9.533801348879933357e-04 -2.262460440397262573e-01 1.111390162259340286e-02 -9.998451471328735352e-01 -1.364580728113651276e-02 2.204995870590209961e+00 0.000000000000000000e+00 0.000000000000000000e+00 0.000000000000000000e+00 1.000000000000000000e+00
2.733285771682858467e-03 -1.303433813154697418e-02 9.999113082885742188e-01 4.653406906127929688e+01 -9.999518394470214844e-01 -9.457710199058055878e-03 2.610110677778720856e-03 -2.304806709289550781e-01 9.422850795090198517e-03 -9.998703002929687500e-01 -1.305956114083528519e-02 2.207417964935302734e+00 0.000000000000000000e+00 0.000000000000000000e+00 0.000000000000000000e+00 1.000000000000000000e+00
3.479815321043133736e-03 -1.197685115039348602e-02 9.999222159385681152e-01 4.727593612670898438e+01 -9.999309778213500977e-01 -1.126114372164011002e-02 3.344962373375892639e-03 -2.256778776645660400e-01 1.122020557522773743e-02 -9.998648762702941895e-01 -1.201521232724189758e-02 2.211421251296997070e+00 0.000000000000000000e+00 0.000000000000000000e+00 0.000000000000000000e+00 1.000000000000000000e+00
4.450161475688219070e-03 -1.330897491425275803e-02 9.999015331268310547e-01 4.802232742309570312e+01 -9.999164938926696777e-01 -1.219083834439516068e-02 4.287964664399623871e-03 -2.222216129302978516e-01 1.213256921619176865e-02 -9.998371005058288574e-01 -1.336211524903774261e-02 2.214788198471069336e+00 0.000000000000000000e+00 0.000000000000000000e+00 0.000000000000000000e+00 1.000000000000000000e+00
5.342850927263498306e-03 -1.569428108632564545e-02 9.998625516891479492e-01 4.877139282226562500e+01 -9.999115467071533203e-01 -1.226203422993421555e-02 5.150642711669206619e-03 -2.212848365306854248e-01 1.217951346188783646e-02 -9.998016357421875000e-01 -1.575840637087821960e-02 2.216523170471191406e+00 0.000000000000000000e+00 0.000000000000000000e+00 0.000000000000000000e+00 1.000000000000000000e+00
6.044142879545688629e-03 -1.817759685218334198e-02 9.998164772987365723e-01 4.951756286621093750e+01 -9.999223947525024414e-01 -1.099956408143043518e-02 5.844800733029842377e-03 -2.217476963996887207e-01 1.089130155742168427e-02 -9.997742772102355957e-01 -1.824266836047172546e-02 2.216234683990478516e+00 0.000000000000000000e+00 0.000000000000000000e+00 0.000000000000000000e+00 1.000000000000000000e+00
6.741818971931934357e-03 -2.056605741381645203e-02 9.997657537460327148e-01 5.025892257690429688e+01 -9.999204874038696289e-01 -1.079476904124021530e-02 6.520804483443498611e-03 -2.206085473299026489e-01 1.065813284367322922e-02 -9.997302293777465820e-01 -2.063719742000102997e-02 2.214251279830932617e+00 0.000000000000000000e+00 0.000000000000000000e+00 0.000000000000000000e+00 1.000000000000000000e+00
7.415085099637508392e-03 -2.055732160806655884e-02 9.997611641883850098e-01 5.099094772338867188e+01 -9.999075531959533691e-01 -1.154870074242353439e-02 7.178703323006629944e-03 -2.164213210344314575e-01 1.139836758375167847e-02 -9.997219443321228027e-01 -2.064105495810508728e-02 2.212126493453979492e+00 0.000000000000000000e+00 0.000000000000000000e+00 0.000000000000000000e+00 1.000000000000000000e+00
7.870551198720932007e-03 -1.853728108108043671e-02 9.997971653938293457e-01 5.171375274658203125e+01 -9.998950958251953125e-01 -1.230280380696058273e-02 7.643215358257293701e-03 -2.120802849531173706e-01 1.215862482786178589e-02 -9.997524619102478027e-01 -1.863216608762741089e-02 2.210304737091064453e+00 0.000000000000000000e+00 0.000000000000000000e+00 0.000000000000000000e+00 1.000000000000000000e+00
7.506580557674169540e-03 -2.036524377763271332e-02 9.997644424438476562e-01 5.243718719482421875e+01 -9.999132752418518066e-01 -1.097147539258003235e-02 7.284208666533231735e-03 -2.128916382789611816e-01 1.082054618746042252e-02 -9.997324347496032715e-01 -2.044583484530448914e-02 2.207885265350341797e+00 0.000000000000000000e+00 0.000000000000000000e+00 0.000000000000000000e+00 1.000000000000000000e+00
7.355804089456796646e-03 -2.285699173808097839e-02 9.997116923332214355e-01 5.315801239013671875e+01 -9.998906850814819336e-01 -1.299101766198873520e-02 7.060099858790636063e-03 -2.086239159107208252e-01 1.282589975744485855e-02 -9.996543526649475098e-01 -2.295005321502685547e-02 2.205541133880615234e+00 0.000000000000000000e+00 0.000000000000000000e+00 0.000000000000000000e+00 1.000000000000000000e+00
7.153982762247323990e-03 -2.353358268737792969e-02 9.996974468231201172e-01 5.387640762329101562e+01 -9.999257922172546387e-01 -1.002345979213714600e-02 6.919657811522483826e-03 -2.094712108373641968e-01 9.857582859694957733e-03 -9.996727705001831055e-01 -2.360354550182819366e-02 2.200010776519775391e+00 0.000000000000000000e+00 0.000000000000000000e+00 0.000000000000000000e+00 1.000000000000000000e+00
7.567897904664278030e-03 -2.650056779384613037e-02 9.996201395988464355e-01 5.459996795654296875e+01 -9.999240636825561523e-01 -9.925417602062225342e-03 7.307069376111030579e-03 -2.106609642505645752e-01 9.728006087243556976e-03 -9.995995163917541504e-01 -2.657366916537284851e-02 2.193853616714477539e+00 0.000000000000000000e+00 0.000000000000000000e+00 0.000000000000000000e+00 1.000000000000000000e+00
8.343630470335483551e-03 -3.137242048978805542e-02 9.994729161262512207e-01 5.533076858520507812e+01 -9.998753070831298828e-01 -1.366472244262695312e-02 7.918068207800388336e-03 -2.058971226215362549e-01 1.340911071747541428e-02 -9.994143247604370117e-01 -3.148252144455909729e-02 2.185503244400024414e+00 0.000000000000000000e+00 0.000000000000000000e+00 0.000000000000000000e+00 1.000000000000000000e+00
6.616149097681045532e-03 -3.063589893281459808e-02 9.995087385177612305e-01 5.605464172363281250e+01 -9.999781250953674316e-01 -1.613944914424791932e-04 6.614309269934892654e-03 -2.182298898696899414e-01 -4.132011235924437642e-05 -9.995306134223937988e-01 -3.063629567623138428e-02 2.172854185104370117e+00 0.000000000000000000e+00 0.000000000000000000e+00 0.000000000000000000e+00 1.000000000000000000e+00
6.699455436319112778e-03 -3.064072690904140472e-02 9.995080232620239258e-01 5.678327560424804688e+01 -9.999455213546752930e-01 7.796650752425193787e-03 6.941400934010744095e-03 -2.449794709682464600e-01 -8.005504496395587921e-03 -9.995000362396240234e-01 -3.058682382106781006e-02 2.161676406860351562e+00 0.000000000000000000e+00 0.000000000000000000e+00 0.000000000000000000e+00 1.000000000000000000e+00
6.054791156202554703e-03 -3.111662156879901886e-02 9.994974136352539062e-01 5.751671981811523438e+01 -9.997916817665100098e-01 1.929423213005065918e-02 6.657246965914964676e-03 -2.680805623531341553e-01 -1.949168741703033447e-02 -9.993295073509216309e-01 -3.099331632256507874e-02 2.148287057876586914e+00 0.000000000000000000e+00 0.000000000000000000e+00 0.000000000000000000e+00 1.000000000000000000e+00
4.144378937780857086e-03 -2.602222561836242676e-02 9.996528029441833496e-01 5.824652481079101562e+01 -9.999588727951049805e-01 7.955955341458320618e-03 4.352751653641462326e-03 -2.547834813594818115e-01 -8.066461421549320221e-03 -9.996296763420104980e-01 -2.598818205296993256e-02 2.142245054244995117e+00 0.000000000000000000e+00 0.000000000000000000e+00 0.000000000000000000e+00 1.000000000000000000e+00
3.331238171085715294e-03 -2.113684266805648804e-02 9.997710585594177246e-01 5.897983169555664062e+01 -9.999827742576599121e-01 4.767274949699640274e-03 3.432731842622160912e-03 -2.423081398010253906e-01 -4.838740453124046326e-03 -9.997652173042297363e-01 -2.112059667706489563e-02 2.138341426849365234e+00 0.000000000000000000e+00 0.000000000000000000e+00 0.000000000000000000e+00 1.000000000000000000e+00
2.271470846608281136e-03 -2.516337111592292786e-02 9.996807575225830078e-01 5.972408676147460938e+01 -9.999913573265075684e-01 3.420956665650010109e-03 2.358286874368786812e-03 -2.442852854728698730e-01 -3.479207167401909828e-03 -9.996774792671203613e-01 -2.515538409352302551e-02 2.134855985641479492e+00 0.000000000000000000e+00 0.000000000000000000e+00 0.000000000000000000e+00 1.000000000000000000e+00
9.739398228703066707e-05 -3.261539340019226074e-02 9.994679689407348633e-01 6.047087478637695312e+01 -9.999800324440002441e-01 6.310107186436653137e-03 3.033600514754652977e-04 -2.595513761043548584e-01 -6.316644139587879181e-03 -9.994480609893798828e-01 -3.261413052678108215e-02 2.125004291534423828e+00 0.000000000000000000e+00 0.000000000000000000e+00 0.000000000000000000e+00 1.000000000000000000e+00
-2.774243243038654327e-03 -4.024568200111389160e-02 9.991859793663024902e-01 6.120868682861328125e+01 -9.999611973762512207e-01 8.465644903481006622e-03 -2.435412490740418434e-03 -2.687107920646667480e-01 -8.360738866031169891e-03 -9.991539716720581055e-01 -4.026760533452033997e-02 2.110108375549316406e+00 0.000000000000000000e+00 0.000000000000000000e+00 0.000000000000000000e+00 1.000000000000000000e+00
-4.515411332249641418e-03 -4.775014147162437439e-02 9.988490939140319824e-01 6.194496917724609375e+01 -9.999824762344360352e-01 4.040018189698457718e-03 -4.327401053160429001e-03 -2.700768113136291504e-01 -3.828734625130891800e-03 -9.988511204719543457e-01 -4.776754602789878845e-02 2.090617418289184570e+00 0.000000000000000000e+00 0.000000000000000000e+00 0.000000000000000000e+00 1.000000000000000000e+00
-4.869453608989715576e-03 -4.999539628624916077e-02 9.987375736236572266e-01 6.266933441162109375e+01 -9.999881386756896973e-01 4.220979462843388319e-05 -4.873437806963920593e-03 -2.705055773258209229e-01 2.014929486904293299e-04 -9.987494349479675293e-01 -4.999500885605812073e-02 2.068498373031616211e+00 0.000000000000000000e+00 0.000000000000000000e+00 0.000000000000000000e+00 1.000000000000000000e+00
-5.439275410026311874e-03 -4.821443930268287659e-02 9.988222122192382812e-01 6.338357925415039062e+01 -9.999790787696838379e-01 -3.231171285733580589e-03 -5.601548124104738235e-03 -2.734732925891876221e-01 3.497441066429018974e-03 -9.988318085670471191e-01 -4.819585382938385010e-02 2.045870304107666016e+00 0.000000000000000000e+00 0.000000000000000000e+00 0.000000000000000000e+00 1.000000000000000000e+00
-6.567409727722406387e-03 -4.847558960318565369e-02 9.988027811050415039e-01 6.409394073486328125e+01 -9.999777674674987793e-01 -8.223081822507083416e-04 -6.615045480430126190e-03 -2.846606075763702393e-01 1.141991931945085526e-03 -9.988240003585815430e-01 -4.846911132335662842e-02 2.023130416870117188e+00 0.000000000000000000e+00 0.000000000000000000e+00 0.000000000000000000e+00 1.000000000000000000e+00
-7.005900144577026367e-03 -5.145832151174545288e-02 9.986505508422851562e-01 6.480628204345703125e+01 -9.999730587005615234e-01 -1.833294634707272053e-03 -7.109643425792455673e-03 -2.955336570739746094e-01 2.196670975536108017e-03 -9.986734390258789062e-01 -5.144409090280532837e-02 2.000249624252319336e+00 0.000000000000000000e+00 0.000000000000000000e+00 0.000000000000000000e+00 1.000000000000000000e+00
-7.540201302617788315e-03 -5.746655538678169250e-02 9.983189702033996582e-01 6.551853942871093750e+01 -9.999714493751525879e-01 -1.982754474738612771e-05 -7.553823757916688919e-03 -3.075864613056182861e-01 4.538864595815539360e-04 -9.983474612236022949e-01 -5.746476724743843079e-02 1.973606109619140625e+00 0.000000000000000000e+00 0.000000000000000000e+00 0.000000000000000000e+00 1.000000000000000000e+00
-7.802861277014017105e-03 -6.280277669429779053e-02 9.979954361915588379e-01 6.622861480712890625e+01 -9.999688267707824707e-01 1.687400508671998978e-03 -7.712103892117738724e-03 -3.198322355747222900e-01 -1.199676538817584515e-03 -9.980245232582092285e-01 -6.281398236751556396e-02 1.942005395889282227e+00 0.000000000000000000e+00 0.000000000000000000e+00 0.000000000000000000e+00 1.000000000000000000e+00
-7.590906228870153427e-03 -6.577518582344055176e-02 9.978055953979492188e-01 6.693257904052734375e+01 -9.999709129333496094e-01 1.244313665665686131e-03 -7.525354158133268356e-03 -3.306370377540588379e-01 -7.466015522368252277e-04 -9.978336691856384277e-01 -6.578271836042404175e-02 1.908355593681335449e+00 0.000000000000000000e+00 0.000000000000000000e+00 0.000000000000000000e+00 1.000000000000000000e+00
-7.569301873445510864e-03 -6.785991787910461426e-02 9.976661205291748047e-01 6.763246917724609375e+01 -9.999689459800720215e-01 2.708175219595432281e-03 -7.402566727250814438e-03 -3.408100306987762451e-01 -2.199517097324132919e-03 -9.976911544799804688e-01 -6.787831336259841919e-02 1.873167037963867188e+00 0.000000000000000000e+00 0.000000000000000000e+00 0.000000000000000000e+00 1.000000000000000000e+00
-7.798383478075265884e-03 -6.727502495050430298e-02 9.977039694786071777e-01 6.832671356201171875e+01 -9.999652504920959473e-01 3.472463693469762802e-03 -7.581910118460655212e-03 -3.522504866123199463e-01 -2.954417606815695763e-03 -9.977284073829650879e-01 -6.729976087808609009e-02 1.837399125099182129e+00 0.000000000000000000e+00 0.000000000000000000e+00 0.000000000000000000e+00 1.000000000000000000e+00
-7.896546274423599243e-03 -6.763084232807159424e-02 9.976791739463806152e-01 6.901968383789062500e+01 -9.999569654464721680e-01 5.394735373556613922e-03 -7.548876106739044189e-03 -3.649679422378540039e-01 -4.871678072959184647e-03 -9.976958036422729492e-01 -6.767052412033081055e-02 1.802157402038574219e+00 0.000000000000000000e+00 0.000000000000000000e+00 0.000000000000000000e+00 1.000000000000000000e+00
-7.766792550683021545e-03 -6.888525933027267456e-02 9.975943565368652344e-01 6.971213531494140625e+01 -9.999613761901855469e-01 4.642277956008911133e-03 -7.464664988219738007e-03 -3.743616640567779541e-01 -4.116904921829700470e-03 -9.976137876510620117e-01 -6.891865283250808716e-02 1.766647696495056152e+00 0.000000000000000000e+00 0.000000000000000000e+00 0.000000000000000000e+00 1.000000000000000000e+00
-8.000448346138000488e-03 -6.928159296512603760e-02 9.975650906562805176e-01 7.040119171142578125e+01 -9.999633431434631348e-01 3.601655829697847366e-03 -7.769544608891010284e-03 -3.801553547382354736e-01 -3.054599510505795479e-03 -9.975906610488891602e-01 -6.930787116289138794e-02 1.730627655982971191e+00 0.000000000000000000e+00 0.000000000000000000e+00 0.000000000000000000e+00 1.000000000000000000e+00
-7.675146684050559998e-03 -6.795273721218109131e-02 9.976590275764465332e-01 7.108656311035156250e+01 -9.999676942825317383e-01 2.903883578255772591e-03 -7.495117839425802231e-03 -3.876869976520538330e-01 -2.387772081419825554e-03 -9.976842999458312988e-01 -6.797282397747039795e-02 1.695443391799926758e+00 0.000000000000000000e+00 0.000000000000000000e+00 0.000000000000000000e+00 1.000000000000000000e+00
-6.977220531553030014e-03 -6.659651547670364380e-02 9.977555871009826660e-01 7.176882171630859375e+01 -9.999682903289794922e-01 4.302717745304107666e-03 -6.705502979457378387e-03 -3.997163772583007812e-01 -3.846497507765889168e-03 -9.977707266807556152e-01 -6.662442535161972046e-02 1.661335706710815430e+00 0.000000000000000000e+00 0.000000000000000000e+00 0.000000000000000000e+00 1.000000000000000000e+00
-6.592366844415664673e-03 -6.475400924682617188e-02 9.978795051574707031e-01 7.244878387451171875e+01 -9.999604821205139160e-01 6.375964730978012085e-03 -6.192368455231189728e-03 -4.121706187725067139e-01 -5.961463786661624908e-03 -9.978808760643005371e-01 -6.479348242282867432e-02 1.627040147781372070e+00 0.000000000000000000e+00 0.000000000000000000e+00 0.000000000000000000e+00 1.000000000000000000e+00
-6.577942986041307449e-03 -6.339094787836074829e-02 9.979670643806457520e-01 7.312650299072265625e+01 -9.999473690986633301e-01 8.274042978882789612e-03 -6.065427791327238083e-03 -4.228055477142333984e-01 -7.872728630900382996e-03 -9.979544878005981445e-01 -6.344203650951385498e-02 1.595082283020019531e+00 0.000000000000000000e+00 0.000000000000000000e+00 0.000000000000000000e+00 1.000000000000000000e+00
