1.000000000000000000e+00 0.000000000000000000e+00 0.000000000000000000e+00 0.000000000000000000e+00 0.000000000000000000e+00 1.000000000000000000e+00 0.000000000000000000e+00 0.000000000000000000e+00 0.000000000000000000e+00 0.000000000000000000e+00 1.000000000000000000e+00 0.000000000000000000e+00 0.000000000000000000e+00 0.000000000000000000e+00 0.000000000000000000e+00 1.000000000000000000e+00
9.999992847442626953e-01 -7.859439938329160213e-04 -8.804856333881616592e-04 -3.063478216063231230e-04 7.873129216022789478e-04 9.999984502792358398e-01 1.556381932459771633e-03 -4.200709518045186996e-04 8.792617591097950935e-04 -1.557073672302067280e-03 9.999983906745910645e-01 2.154547162353992462e-02 0.000000000000000000e+00 0.000000000000000000e+00 0.000000000000000000e+00 1.000000000000000000e+00
9.999960594656588375e-01 -1.849041707362959492e-03 -2.105306962636900245e-03 -5.814757217816957438e-04 1.852430178077076484e-03 9.999969909935276791e-01 1.609257199628821942e-03 -8.063058839463000532e-04 2.102325962585589736e-03 -1.613145038294245453e-03 9.999964550785782613e-01 4.324272493762158776e-02 0.000000000000000000e+00 0.000000000000000000e+00 0.000000000000000000e+00 1.000000000000000000e+00
9.999913740910674198e-01 -3.007520832631994673e-03 -2.859845689794515092e-03 -8.632061680608174754e-04 3.009195328131530293e-03 9.999953032028806588e-01 5.839427936929378164e-04 -1.218121520917709536e-03 2.858086252078013111e-03 -5.925447934799902335e-04 9.999956820631782373e-01 6.499830474242498934e-02 0.000000000000000000e+00 0.000000000000000000e+00 0.000000000000000000e+00 1.000000000000000000e+00
9.999892625790653966e-01 -2.900354459654353161e-03 -3.606658922870808418e-03 -1.123886909320409274e-03 2.902475222404613669e-03 9.999956238250867768e-01 5.849267109167091173e-04 -1.612989289093636402e-03 3.604956828257957751e-03 -5.953861428876805776e-04 9.999932476767828815e-01 8.620931495682565560e-02 0.000000000000000000e+00 0.000000000000000000e+00 0.000000000000000000e+00 1.000000000000000000e+00
9.999837228163144243e-01 -3.463153093735603111e-03 -4.524656139147659704e-03 -1.390076115819291512e-03 3.468941509674772997e-03 9.999931629114966469e-01 1.270610247310828209e-03 -2.010534057731905213e-03 4.520226493474982683e-03 -1.286294068278987174e-03 9.999888800114516973e-01 1.075715527449740971e-01 0.000000000000000000e+00 0.000000000000000000e+00 0.000000000000000000e+00 1.000000000000000000e+00
9.999737337973452211e-01 -4.931734991773596526e-03 -5.306071999592058309e-03 -1.724000456143800087e-03 4.943416993329947766e-03 9.999853887847836020e-01 2.191511808100458231e-03 -2.374133126653372745e-03 5.295207895845854655e-03 -2.217676428828220352e-03 9.999834589414448027e-01 1.292264666545601126e-01 0.000000000000000000e+00 0.000000000000000000e+00 0.000000000000000000e+00 1.000000000000000000e+00
9.999693454419686933e-01 -4.712479080654141672e-03 -6.246590161435102047e-03 -2.171602587449790109e-03 4.728692552203266238e-03 9.999854715681844031e-01 2.584726333566352788e-03 -2.749753509891776117e-03 6.234339328107086839e-03 -2.614179943529369981e-03 9.999770701859972410e-01 1.509233118817095154e-01 0.000000000000000000e+00 0.000000000000000000e+00 0.000000000000000000e+00 1.000000000000000000e+00
9.999664015002542872e-01 -4.248864114516775169e-03 -7.002702381479490763e-03 -2.641456778740303938e-03 4.254382409234025268e-03 9.999906625383004899e-01 7.732762349016882031e-04 -3.152363716192188060e-03 6.999377119753493783e-03 -8.030394169575371483e-04 9.999751217469383668e-01 1.722506169204151560e-01 0.000000000000000000e+00 0.000000000000000000e+00 0.000000000000000000e+00 1.000000000000000000e+00
9.999683703922160882e-01 -2.297586553719313789e-03 -7.603861061607518519e-03 -3.216291417897982306e-03 2.287950625482297867e-03 9.999965548872969956e-01 -1.274922503434507137e-03 -3.587083380271488368e-03 7.606770379069064877e-03 1.257493647247002674e-03 9.999702307150878378e-01 1.942163558951705560e-01 0.000000000000000000e+00 0.000000000000000000e+00 0.000000000000000000e+00 1.000000000000000000e+00
9.999689610715706278e-01 4.939504710460572478e-04 -7.854535455124119978e-03 -3.846610072440368681e-03 -5.099740242198875497e-04 9.999978106411337997e-01 -2.037415082987713375e-03 -4.029453867704897198e-03 7.853519556626756618e-03 2.041365697773434365e-03 9.999670543769307862e-01 2.160307685389089849e-01 0.000000000000000000e+00 0.000000000000000000e+00 0.000000000000000000e+00 1.000000000000000000e+00
9.999642818964559199e-01 1.988772299510356383e-03 -8.204481956520973118e-03 -4.485320713606161247e-03 -2.005575316880639242e-03 9.999959099748820801e-01 -2.039566323382421571e-03 -4.480848680031797315e-03 8.200399824590101638e-03 2.055962355020257270e-03 9.999642416265646094e-01 2.380513876051907896e-01 0.000000000000000000e+00 0.000000000000000000e+00 0.000000000000000000e+00 1.000000000000000000e+00
9.999590504312548811e-01 2.486803663312495312e-03 -8.692053344526320599e-03 -5.016600163051530142e-03 -2.498754217702837694e-03 9.999959393548956132e-01 -1.364281985558516699e-03 -4.911558703570375467e-03 8.688639359851377600e-03 1.385964090993031849e-03 9.999612609141076414e-01 2.603152239676843616e-01 0.000000000000000000e+00 0.000000000000000000e+00 0.000000000000000000e+00 1.000000000000000000e+00
9.999546639181604579e-01 -2.423320516774862886e-04 -9.510942286623965541e-03 -5.389329614173716219e-03 2.503244571178906428e-04 9.999996138223160580e-01 8.387129985815253326e-04 -5.304639633031009438e-03 9.510735520593220638e-03 -8.410425985998245093e-04 9.999544065440201246e-01 2.834212858355102949e-01 0.000000000000000000e+00 0.000000000000000000e+00 0.000000000000000000e+00 1.000000000000000000e+00
9.999376093619877226e-01 -4.292082794253229173e-03 -1.030356067333706473e-02 -5.876597856234937016e-03 4.313947442320688157e-03 9.999884760880086709e-01 2.100365430515409651e-03 -5.655719449679128159e-03 1.029442985510482453e-02 -2.144668838496512422e-03 9.999446769162638748e-01 3.065305530998317374e-01 0.000000000000000000e+00 0.000000000000000000e+00 0.000000000000000000e+00 1.000000000000000000e+00
9.999183464943468547e-01 -6.880934352583713970e-03 -1.075977733331608815e-02 -6.510101242786971859e-03 6.880905322994496261e-03 9.999763489373593162e-01 -4.052366148903743294e-05 -6.053476901094033066e-03 1.075977798377927147e-02 -3.349612890751310813e-05 9.999420885476741905e-01 3.292669155529187042e-01 0.000000000000000000e+00 0.000000000000000000e+00 0.000000000000000000e+00 1.000000000000000000e+00
9.999026630596413723e-01 -8.356336318061614171e-03 -1.116622814558623257e-02 -7.144460844631673677e-03 8.335207036724419372e-03 9.999633984295267508e-01 -1.938792278833873254e-03 -6.492656745829920688e-03 1.118197611114675125e-02 1.845556084006737046e-03 9.999357901648031621e-01 3.523691202534212086e-01 0.000000000000000000e+00 0.000000000000000000e+00 0.000000000000000000e+00 1.000000000000000000e+00
9.999128991686393464e-01 -7.017795551746963505e-03 -1.117322542459839828e-02 -7.823053853805996341e-03 6.980185212877191431e-03 9.999698873363348506e-01 -3.402902583367575784e-03 -6.966645022376818756e-03 1.119674835288376157e-02 3.324640077064869043e-03 9.999318002502087799e-01 3.752179267660513129e-01 0.000000000000000000e+00 0.000000000000000000e+00 0.000000000000000000e+00 1.000000000000000000e+00
9.999220851298258328e-01 -5.163770675704446207e-03 -1.136227324683289699e-02 -8.469416403199002408e-03 5.149005112505612367e-03 9.999859122483565343e-01 -1.329475208076443546e-03 -7.380228206027309758e-03 1.136892803630946795e-02 1.270889484576928369e-03 9.999345981258633831e-01 3.978245700620328673e-01 0.000000000000000000e+00 0.000000000000000000e+00 0.000000000000000000e+00 1.000000000000000000e+00
9.999164532528148630e-01 -5.132738433080594360e-03 -1.186070895647619097e-02 -9.005085348291570410e-03 5.158024901206701048e-03 9.999845343966911049e-01 2.101049526059269729e-03 -7.790263613139544741e-03 1.184969126734504268e-02 -2.162029507199260230e-03 9.999274751245903481e-01 4.214568922819674768e-01 0.000000000000000000e+00 0.000000000000000000e+00 0.000000000000000000e+00 1.000000000000000000e+00
9.998916975689997599e-01 -7.955224157926609613e-03 -1.237870218371349244e-02 -9.524583400142356410e-03 8.001374294780858043e-03 9.999612429522907187e-01 3.681840447406096138e-03 -8.151427264736338038e-03 1.234888105604972641e-02 -3.780466375924733304e-03 9.999166384049931189e-01 4.453726975619888284e-01 0.000000000000000000e+00 0.000000000000000000e+00 0.000000000000000000e+00 1.000000000000000000e+00
9.998460277180125644e-01 -1.143553323858145614e-02 -1.330538994341542991e-02 -1.010026142773416506e-02 1.145907874451355599e-02 9.999329402432325375e-01 1.693995696048725607e-03 -8.549407003594487742e-03 1.328509766557126048e-02 -1.846191596070518963e-03 9.999101014134432752e-01 4.688158617692623764e-01 0.000000000000000000e+00 0.000000000000000000e+00 0.000000000000000000e+00 1.000000000000000000e+00
9.998341807265426207e-01 -1.202865586062464021e-02 -1.366736673382558213e-02 -1.077224339749323356e-02 1.202119657979506921e-02 9.999275615167734221e-01 -6.285300003616046006e-04 -8.985586604155978985e-03 1.367390867136959384e-02 4.641386066817549164e-04 9.999064773652751592e-01 4.919503941815905890e-01 0.000000000000000000e+00 0.000000000000000000e+00 0.000000000000000000e+00 1.000000000000000000e+00
9.998283782995475155e-01 -1.264449138398142207e-02 -1.353496149414645106e-02 -1.141789031259871079e-02 1.260195509499698920e-02 9.999154347966557888e-01 -3.223947931802009260e-03 -9.440498948000704271e-03 1.357454042768595215e-02 3.052838361879609171e-03 9.999033175114180327e-01 5.145147267783960476e-01 0.000000000000000000e+00 0.000000000000000000e+00 0.000000000000000000e+00 1.000000000000000000e+00
9.998531576971591006e-01 -1.044448938776577733e-02 -1.358092321170963415e-02 -1.213213862499933765e-02 1.039158244580581404e-02 9.999381730352928654e-01 -3.960971132821315341e-03 -9.971066204306882827e-03 1.362139725782732409e-02 3.819274052669640023e-03 9.999000209492245883e-01 5.370526851266399504e-01 0.000000000000000000e+00 0.000000000000000000e+00 0.000000000000000000e+00 1.000000000000000000e+00
9.998564064439983134e-01 -1.017992497550098199e-02 -1.354139148606438303e-02 -1.277730374231171237e-02 1.009688712825955632e-02 9.999299151792395701e-01 -6.186938268874763065e-03 -1.048345370625620825e-02 1.360337229277133915e-02 6.049336374142044379e-03 9.998892959447301942e-01 5.586746314988382256e-01 0.000000000000000000e+00 0.000000000000000000e+00 0.000000000000000000e+00 1.000000000000000000e+00
9.998612074835279140e-01 -9.399092611690727100e-03 -1.374711630169725765e-02 -1.347415295850419234e-02 9.320035209005841231e-03 9.999397088658830146e-01 -5.804415493707685246e-03 -1.107447794542555826e-02 1.380080806068425224e-02 5.675507479927313810e-03 9.998887575350884349e-01 5.811377331932181534e-01 0.000000000000000000e+00 0.000000000000000000e+00 0.000000000000000000e+00 1.000000000000000000e+00
9.998517952876666559e-01 -9.827717919819073042e-03 -1.412582415464807076e-02 -1.419671735306640009e-02 9.762180887005358562e-03 9.999412787339532205e-01 -4.701626583385086315e-03 -1.164799443753989673e-02 1.417116720771474138e-02 4.563052496024060968e-03 9.998892968833316131e-01 6.038769954822820196e-01 0.000000000000000000e+00 0.000000000000000000e+00 0.000000000000000000e+00 1.000000000000000000e+00
9.998521924397214544e-01 -9.046829071645655709e-03 -1.460989657241252085e-02 -1.498553262664461920e-02 9.000227774604028022e-03 9.999542269007716255e-01 -3.252034652013132288e-03 -1.217665870210482212e-02 1.463859353274372943e-02 3.120076132047529000e-03 9.998881418305221036e-01 6.266442516561616660e-01 0.000000000000000000e+00 0.000000000000000000e+00 0.000000000000000000e+00 1.000000000000000000e+00
9.998707631099401638e-01 -6.549870860202440699e-03 -1.467238394421431329e-02 -1.579349600759001951e-02 6.506736815598920809e-03 9.999743777347045448e-01 -2.985340593667196087e-03 -1.273855164712581894e-02 1.469151008975999248e-02 2.889500360142970709e-03 9.998880365852678143e-01 6.495786956591784733e-01 0.000000000000000000e+00 0.000000000000000000e+00 0.000000000000000000e+00 1.000000000000000000e+00
9.998853543041853476e-01 -3.975704784181615520e-03 -1.460061750358286961e-02 -1.665825055638054872e-02 3.927432467208976166e-03 9.999867261474849611e-01 -3.333053153781951900e-03 -1.331200275272792673e-02 1.461362145461603604e-02 3.275342597221088219e-03 9.998879919114543879e-01 6.730692914787487213e-01 0.000000000000000000e+00 0.000000000000000000e+00 0.000000000000000000e+00 1.000000000000000000e+00
9.998881530612139246e-01 -1.813979658897110769e-03 -1.483737809585403307e-02 -1.749487552425613504e-02 1.771615162508524254e-03 9.999942996603182754e-01 -2.867529833044223184e-03 -1.386887250862747258e-02 1.484243587405285891e-02 2.840933913448129115e-03 9.998859672568630730e-01 6.965284145361833046e-01 0.000000000000000000e+00 0.000000000000000000e+00 0.000000000000000000e+00 1.000000000000000000e+00
9.998836225079934525e-01 -1.064777019614548308e-03 -1.521017446950528873e-02 -1.830202582072703796e-02 1.021526675724183453e-03 9.999953781435276801e-01 -2.850638538590551888e-03 -1.440627760105224128e-02 1.521308057376424307e-02 2.834785896701813752e-03 9.998804241564921425e-01 7.196516820022293981e-01 0.000000000000000000e+00 0.000000000000000000e+00 0.000000000000000000e+00 1.000000000000000000e+00
9.998723440628840553e-01 -2.060977824070358688e-03 -1.583465256732438306e-02 -1.903330475357541129e-02 2.012996872656876851e-03 9.999932763657820578e-01 -3.045043674198737952e-03 -1.491202365855714453e-02 1.584076568375639496e-02 3.012789857211021442e-03 9.998701319385403519e-01 7.423990978518308914e-01 0.000000000000000000e+00 0.000000000000000000e+00 0.000000000000000000e+00 1.000000000000000000e+00
9.998570199145473403e-01 -3.291920619306168676e-03 -1.657385161830718379e-02 -1.981517692673883876e-02 3.234964988541466895e-03 9.999887165860095184e-01 -3.461344233064772222e-03 -1.540255428517220068e-02 1.658501279608188758e-02 3.407225127588782692e-03 9.998568000001469835e-01 7.650438293128822842e-01 0.000000000000000000e+00 0.000000000000000000e+00 0.000000000000000000e+00 1.000000000000000000e+00
9.998395554248716843e-01 -4.122402560869392434e-03 -1.741939049353544156e-02 -2.061536089550657092e-02 4.064069860385636883e-03 9.999859536846602559e-01 -3.382127932837409277e-03 -1.585343474368346162e-02 1.743304147362291848e-02 3.310775047312793616e-03 9.998427007465130467e-01 7.875178117304657555e-01 0.000000000000000000e+00 0.000000000000000000e+00 0.000000000000000000e+00 1.000000000000000000e+00
9.998220261553745214e-01 -4.210263053257695676e-03 -1.837724247166082348e-02 -2.144299479756659257e-02 4.167077698129320780e-03 9.999884294129224305e-01 -2.386607160025804898e-03 -1.633109201048375814e-02 1.838703152554635109e-02 2.309586736892383241e-03 9.998284266308271606e-01 8.107560010528442884e-01 0.000000000000000000e+00 0.000000000000000000e+00 0.000000000000000000e+00 1.000000000000000000e+00
9.997996748635669118e-01 -4.668995258347051654e-03 -1.945243718655278314e-02 -2.226947487126494998e-02 4.617238420824721495e-03 9.999856761243095526e-01 -2.704189713614896413e-03 -1.675387651637146383e-02 1.946473441685706018e-02 2.613826132815209001e-03 9.998073099506504802e-01 8.338509217798533157e-01 0.000000000000000000e+00 0.000000000000000000e+00 0.000000000000000000e+00 1.000000000000000000e+00
9.997793712618295858e-01 -4.258588113351197135e-03 -2.055767542194388703e-02 -2.312873105676300708e-02 4.205240495890584518e-03 9.999876993721360519e-01 -2.637098585086756000e-03 -1.720914833924754028e-02 2.056860402888212314e-02 2.550073503656032602e-03 9.997853319607696854e-01 8.571386337180556536e-01 0.000000000000000000e+00 0.000000000000000000e+00 0.000000000000000000e+00 1.000000000000000000e+00
9.997555045428085929e-01 -4.364667503217550121e-03 -2.166444154598200569e-02 -2.397471066762215525e-02 4.321765188842090384e-03 9.999886416613914530e-01 -2.027411853243683403e-03 -1.766363035394319728e-02 2.167299312914125822e-02 1.933290063897931703e-03 9.997633480907036629e-01 8.808218141757614417e-01 0.000000000000000000e+00 0.000000000000000000e+00 0.000000000000000000e+00 1.000000000000000000e+00
9.997250328741409398e-01 -6.257634879400761178e-03 -2.258594061087491889e-02 -2.478537303336586506e-02 6.229004294165694199e-03 9.999797154963075974e-01 -1.338666472392177967e-03 -1.810031192666156433e-02 2.259379787897213693e-02 1.197599193570145952e-03 9.997441205374666406e-01 9.044319483201568310e-01 0.000000000000000000e+00 0.000000000000000000e+00 0.000000000000000000e+00 1.000000000000000000e+00
9.996899220861087398e-01 -8.064960193209229355e-03 -2.354685133702427019e-02 -2.558471426963886478e-02 8.033535278028212934e-03 9.999667453255273175e-01 -1.429760579455869544e-03 -1.852033955824473888e-02 2.355753716688603963e-02 1.240150616342477466e-03 9.997218130261597002e-01 9.281604699984897788e-01 0.000000000000000000e+00 0.000000000000000000e+00 0.000000000000000000e+00 1.000000000000000000e+00
9.996463943237401395e-01 -1.111412337034725466e-02 -2.414639547408967829e-02 -2.643578872494423831e-02 1.106840487412566812e-02 9.999367407787690398e-01 -2.027193035291449501e-03 -1.893910515381369564e-02 2.416732945383493272e-02 1.759219817097368733e-03 9.997064796039760726e-01 9.516412877195526976e-01 0.000000000000000000e+00 0.000000000000000000e+00 0.000000000000000000e+00 1.000000000000000000e+00
9.996266497228369907e-01 -1.207893799566175409e-02 -2.449759299472996366e-02 -2.726869148122784692e-02 1.203511269091023586e-02 9.999257480417366173e-01 -1.936597811579072797e-03 -1.940893524697636860e-02 2.451909647419198493e-02 1.641047606688211249e-03 9.996981210668495210e-01 9.750702249350655659e-01 0.000000000000000000e+00 0.000000000000000000e+00 0.000000000000000000e+00 1.000000000000000000e+00
9.996154178340695973e-01 -1.322294314403812607e-02 -2.436316528579972329e-02 -2.804515983620578870e-02 1.318957037585278061e-02 9.999118627431690109e-01 -1.530931232781854688e-03 -1.987610071798946373e-02 2.438118160282646413e-02 1.209010517592987513e-03 9.997020818144973786e-01 9.988554244757991141e-01 0.000000000000000000e+00 0.000000000000000000e+00 0.000000000000000000e+00 1.000000000000000000e+00
9.995965691276199605e-01 -1.470732591961591493e-02 -2.428514953836052523e-02 -2.886551011890033103e-02 1.468570151046614571e-02 9.998915816799595069e-01 -1.069492905887302683e-03 -2.034904026025158991e-02 2.429815403050160014e-02 7.124270041362656177e-04 9.997045704847401515e-01 1.022684177779634496e+00 0.000000000000000000e+00 0.000000000000000000e+00 0.000000000000000000e+00 1.000000000000000000e+00
9.995709387138131952e-01 -1.692027316697230707e-02 -2.389802752250172121e-02 -2.976227096073417316e-02 1.688633264873386913e-02 9.998561080493726383e-01 -1.622257192958366078e-03 -2.079531246568252709e-02 2.392193468682968921e-02 1.218013185103161743e-03 9.997131447012584937e-01 1.046202238541978247e+00 0.000000000000000000e+00 0.000000000000000000e+00 0.000000000000000000e+00 1.000000000000000000e+00
9.995355389220567099e-01 -1.915673746680698897e-02 -2.368831101551081147e-02 -3.060273708212998822e-02 1.910162672574759052e-02 9.998142680092479972e-01 -2.551593186963433020e-03 -2.128812445052783234e-02 2.373269807546124141e-02 2.097927326743395226e-03 9.997161729019768961e-01 1.069482155388356670e+00 0.000000000000000000e+00 0.000000000000000000e+00 0.000000000000000000e+00 1.000000000000000000e+00
9.995697968370710340e-01 -1.789289883256576022e-02 -2.322539868882298603e-02 -3.157818636069115864e-02 1.781837222641653729e-02 9.998354034417681335e-01 -3.412913490258738178e-03 -2.183947022602361968e-02 2.328254163453920625e-02 2.997607985852431163e-03 9.997244662494026990e-01 1.092996568510765432e+00 0.000000000000000000e+00 0.000000000000000000e+00 0.000000000000000000e+00 1.000000000000000000e+00
9.996118708876825520e-01 -1.639560590133628745e-02 -2.250965420601615599e-02 -3.255661689253588897e-02 1.631071126509060082e-02 9.998591339352997931e-01 -3.951115628229300882e-03 -2.240337023360617144e-02 2.257116004215985530e-02 3.582429834197447920e-03 9.997388395250588200e-01 1.116423740406262244e+00 0.000000000000000000e+00 0.000000000000000000e+00 0.000000000000000000e+00 1.000000000000000000e+00
9.996748146412860470e-01 -1.288699519237599539e-02 -2.199178128660442266e-02 -3.361395294152624141e-02 1.282443533571572120e-02 9.999132664575725027e-01 -2.984608573990152856e-03 -2.299380504939284656e-02 2.202822744104053140e-02 2.701604268179657979e-03 9.997537232297706300e-01 1.140242352598404452e+00 0.000000000000000000e+00 0.000000000000000000e+00 0.000000000000000000e+00 1.000000000000000000e+00
9.997250096401033570e-01 -9.455586841099096820e-03 -2.144655912988668173e-02 -3.460862574447350765e-02 9.417220775379726155e-03 9.999538513902795911e-01 -1.890450460221101145e-03 -2.355583628784571268e-02 2.146333498583299915e-02 1.687961855113326260e-03 9.997682079158108914e-01 1.164292199312545906e+00 0.000000000000000000e+00 0.000000000000000000e+00 0.000000000000000000e+00 1.000000000000000000e+00
9.997644179836782108e-01 -5.250533720313333222e-03 -2.104596991444872625e-02 -3.568355358091666180e-02 5.216374689657259436e-03 9.999849344466260614e-01 -1.678861203965473659e-03 -2.411610796567370193e-02 2.105435927625023962e-02 1.568677778960197436e-03 9.997770819801515829e-01 1.189001749108566042e+00 0.000000000000000000e+00 0.000000000000000000e+00 0.000000000000000000e+00 1.000000000000000000e+00
9.997865875254039469e-01 -1.182560352389009284e-03 -2.060779483431144851e-02 -3.669732625652892544e-02 1.137468702913629632e-03 9.999968756833599315e-01 -2.200895831197976788e-03 -2.467432466346484651e-02 2.061021678888529801e-02 2.176975100597118573e-03 9.997851907226874557e-01 1.212485557009862047e+00 0.000000000000000000e+00 0.000000000000000000e+00 0.000000000000000000e+00 1.000000000000000000e+00
9.997941726441478272e-01 1.669530104496184291e-03 -2.020324163750160731e-02 -3.770134260850551561e-02 -1.729715396264839677e-03 9.999940518036763981e-01 -2.963031554467304186e-03 -2.520012567697627048e-02 2.019806600472026994e-02 2.997361124807551482e-03 9.997914939808346668e-01 1.235732100308888581e+00 0.000000000000000000e+00 0.000000000000000000e+00 0.000000000000000000e+00 1.000000000000000000e+00
9.997981219462097613e-01 3.145809933502264483e-03 -1.982715348960290697e-02 -3.863623004505262887e-02 -3.209461127487162578e-03 9.999897170181306638e-01 -3.180461787360720771e-03 -2.572549989068422319e-02 1.981683573040952245e-02 3.243447367569937158e-03 9.997983301067172590e-01 1.258861246603331097e+00 0.000000000000000000e+00 0.000000000000000000e+00 0.000000000000000000e+00 1.000000000000000000e+00
9.997944712498564312e-01 2.910496563653697331e-03 -2.004561465898107089e-02 -3.947987632540878034e-02 -2.971130518142903795e-03 9.999910073267194166e-01 -2.996540322185511137e-03 -2.623718403038932320e-02 2.003661097744320260e-02 3.055483020720907959e-03 9.997945232476670441e-01 1.282474116041289136e+00 0.000000000000000000e+00 0.000000000000000000e+00 0.000000000000000000e+00 1.000000000000000000e+00
9.997939310469767804e-01 2.162896794605072368e-03 -2.016585327814898049e-02 -4.035704007855002440e-02 -2.233717130165520804e-03 9.999913004921288096e-01 -3.490783092852537198e-03 -2.674659782757195584e-02 2.015803972110525796e-02 3.535105726898761860e-03 9.997905119507842775e-01 1.305625253236927907e+00 0.000000000000000000e+00 0.000000000000000000e+00 0.000000000000000000e+00 1.000000000000000000e+00
9.997900248050015648e-01 8.429663442763228424e-04 -2.045552897370222015e-02 -4.113976990928050470e-02 -9.337090406352682769e-04 9.999896833698417309e-01 -4.427871377601090043e-03 -2.727459585142467599e-02 2.045148158367037644e-02 4.446043651765260903e-03 9.997809204028023089e-01 1.328900572663149315e+00 0.000000000000000000e+00 0.000000000000000000e+00 0.000000000000000000e+00 1.000000000000000000e+00
9.997809934303237833e-01 2.600967223925230499e-04 -2.090629142215692446e-02 -4.190695940736816061e-02 -3.564726671827271273e-04 9.999892513842644215e-01 -4.607060200639570557e-03 -2.780615181083666981e-02 2.090476865903067791e-02 4.613495066872515780e-03 9.997707850079189384e-01 1.351448932108333389e+00 0.000000000000000000e+00 0.000000000000000000e+00 0.000000000000000000e+00 1.000000000000000000e+00
9.997729388596696687e-01 -1.762090077538145714e-05 -2.128918469790885837e-02 -4.275266884391535488e-02 -8.426323493895132577e-05 9.999884660514919421e-01 -4.785749432406828825e-03 -2.834557466913881218e-02 2.128892028919292245e-02 4.786454418146009020e-03 9.997618952929123726e-01 1.374716662985172588e+00 0.000000000000000000e+00 0.000000000000000000e+00 0.000000000000000000e+00 1.000000000000000000e+00
9.997623238634050225e-01 -7.249328278617484097e-04 -2.176989614220753086e-02 -4.362148439948634882e-02 6.089447149399951614e-04 9.999854835253785268e-01 -5.334333918662553277e-03 -2.886462787131417740e-02 2.177336653496348209e-02 5.319788648845800647e-03 9.997487348421549846e-01 1.397549667148193953e+00 0.000000000000000000e+00 0.000000000000000000e+00 0.000000000000000000e+00 1.000000000000000000e+00
9.997501844892888734e-01 -1.209876692343358345e-03 -2.230033649806807683e-02 -4.451563004380999083e-02 1.093747777255785290e-03 9.999856861024158938e-01 -5.218905633515109541e-03 -2.941474503439798702e-02 2.230625680248585554e-02 5.193216908277164916e-03 9.997376809939368947e-01 1.420536947209912304e+00 0.000000000000000000e+00 0.000000000000000000e+00 0.000000000000000000e+00 1.000000000000000000e+00
9.997316297894086601e-01 -2.262204399331427165e-03 -2.303837481501794585e-02 -4.549976894983245868e-02 2.158847445818078831e-03 9.999873927892326542e-01 -4.509661648888937252e-03 -2.999183104354579202e-02 2.304822792654741964e-02 4.458736525294130712e-03 9.997243840921453684e-01 1.444019514514145230e+00 0.000000000000000000e+00 0.000000000000000000e+00 0.000000000000000000e+00 1.000000000000000000e+00
9.997019684127308459e-01 -4.685150250594433997e-03 -2.394179544522765171e-02 -4.643365358740404042e-02 4.594762758979114431e-03 9.999819980505481043e-01 -3.828596281526429421e-03 -3.053211803425854090e-02 2.395923552438987414e-02 3.717458118017363984e-03 9.997059814612938577e-01 1.467629029571109855e+00 0.000000000000000000e+00 0.000000000000000000e+00 0.000000000000000000e+00 1.000000000000000000e+00
9.996661329125910989e-01 -6.613894296596191553e-03 -2.496141215110901992e-02 -4.736359195303989356e-02 6.524055761293134394e-03 9.999718684864001839e-01 -3.678469221444586375e-03 -3.108918708572928902e-02 2.498497436698925503e-02 3.514414447296406504e-03 9.996816012355597136e-01 1.491495513757008062e+00 0.000000000000000000e+00 0.000000000000000000e+00 0.000000000000000000e+00 1.000000000000000000e+00
9.996371203472794731e-01 -8.307627433743943260e-03 -2.560968575755919602e-02 -4.837277160458136605e-02 8.208972981403387520e-03 9.999584320622970646e-01 -3.954648837523926791e-03 -3.164511379275626590e-02 2.564140940893367554e-02 3.743010020086088782e-03 9.996641595522829382e-01 1.515478406445785353e+00 0.000000000000000000e+00 0.000000000000000000e+00 0.000000000000000000e+00 1.000000000000000000e+00
9.996102777463261591e-01 -9.810238931743781726e-03 -2.612009712805594616e-02 -4.934459204672504012e-02 9.689090710902497489e-03 9.999416637398736984e-01 -4.760406156875113606e-03 -3.220051851321188707e-02 2.616520588071919243e-02 4.505499120637019086e-03 9.996474191416442334e-01 1.539162601795682983e+00 0.000000000000000000e+00 0.000000000000000000e+00 0.000000000000000000e+00 1.000000000000000000e+00
9.995841502350238938e-01 -1.117513105477790057e-02 -2.656778206596255645e-02 -5.031337609396308030e-02 1.103447384224146531e-02 9.999242850398910587e-01 -5.434636829519915932e-03 -3.276040264970511012e-02 2.662644741962019376e-02 5.139236194783475091e-03 9.996321529553194862e-01 1.562742953229748322e+00 0.000000000000000000e+00 0.000000000000000000e+00 0.000000000000000000e+00 1.000000000000000000e+00
9.995789503671941301e-01 -1.128320681149261838e-02 -2.671793987041651275e-02 -5.138333056974159208e-02 1.112286338067231331e-02 9.999192232470783814e-01 -6.142439153571281965e-03 -3.335131774048477604e-02 2.678502528134583255e-02 5.842695611930955740e-03 9.996240755516149212e-01 1.586297395829657342e+00 0.000000000000000000e+00 0.000000000000000000e+00 0.000000000000000000e+00 1.000000000000000000e+00
9.995672521433173197e-01 -1.223635578949755498e-02 -2.673685068997644007e-02 -5.237702049376183333e-02 1.205839528292045916e-02 9.999040771822028661e-01 -6.807216767827589318e-03 -3.393189578057514977e-02 2.681751643550510031e-02 6.481890563359591316e-03 9.996192466916058450e-01 1.609690852781174186e+00 0.000000000000000000e+00 0.000000000000000000e+00 0.000000000000000000e+00 1.000000000000000000e+00
9.995687380573344827e-01 -1.220374209874549969e-02 -2.669624815683937016e-02 -5.337894917375880094e-02 1.200295956200620774e-02 9.998985255446205533e-01 -7.668407109626748132e-03 -3.451800412947270830e-02 2.678705859152769389e-02 7.344689433007472491e-03 9.996141103633224834e-01 1.632954915510664629e+00 0.000000000000000000e+00 0.000000000000000000e+00 0.000000000000000000e+00 1.000000000000000000e+00
9.995827752011661183e-01 -1.169188141750081462e-02 -2.639790028262607724e-02 -5.441665944876043076e-02 1.149750493936631431e-02 9.999057410774724319e-01 -7.503247701949614101e-03 -3.509326750062832789e-02 2.648307082730544382e-02 7.196637577668993022e-03 9.996232855639521908e-01 1.655612913839805911e+00 0.000000000000000000e+00 0.000000000000000000e+00 0.000000000000000000e+00 1.000000000000000000e+00
9.995889253081811088e-01 -1.127196431718679830e-02 -2.634835732542531797e-02 -5.542503565804140359e-02 1.110446161142778117e-02 9.999172297196382564e-01 -6.495006452871257205e-03 -3.567378454602689042e-02 2.641932719685035486e-02 6.199781851296567656e-03 9.996316252014102455e-01 1.678472765070439410e+00 0.000000000000000000e+00 0.000000000000000000e+00 0.000000000000000000e+00 1.000000000000000000e+00
9.995908277800708008e-01 -1.082179332928475193e-02 -2.646368255545210671e-02 -5.643427766632228698e-02 1.068424013285794623e-02 9.999286653463942409e-01 -5.333790162539412197e-03 -3.626058757156986473e-02 2.651945942705957737e-02 5.048893281873873679e-03 9.996354148556140240e-01 1.701620420610570728e+00 0.000000000000000000e+00 0.000000000000000000e+00 0.000000000000000000e+00 1.000000000000000000e+00
9.995780070975376352e-01 -1.160234735263696547e-02 -2.661634564139909315e-02 -5.750112762624151608e-02 1.142009619621186904e-02 9.999103012967619497e-01 -6.989173546065138853e-03 -3.684047023287952138e-02 2.669500398686513315e-02 6.682291992091525176e-03 9.996211692238167190e-01 1.725104526759239310e+00 0.000000000000000000e+00 0.000000000000000000e+00 0.000000000000000000e+00 1.000000000000000000e+00
9.995701807574108866e-01 -1.160537599727517327e-02 -2.690713698452166028e-02 -5.854913836544384936e-02 1.135064383537666421e-02 9.998894344113364863e-01 -9.600559162185703932e-03 -3.742045584701192418e-02 2.701553484276509459e-02 9.291049298088677882e-03 9.995917097098623305e-01 1.747843434103139026e+00 0.000000000000000000e+00 0.000000000000000000e+00 0.000000000000000000e+00 1.000000000000000000e+00
9.995469507114808083e-01 -1.243198578254439517e-02 -2.739727148996032660e-02 -5.958425665824799294e-02 1.213493054434634788e-02 9.998660061519016873e-01 -1.098254052501892834e-02 -3.805411569510174646e-02 2.753007778362854749e-02 1.064513603500305376e-02 9.995641696568795531e-01 1.770495395637796010e+00 0.000000000000000000e+00 0.000000000000000000e+00 0.000000000000000000e+00 1.000000000000000000e+00
9.995104263453853388e-01 -1.462480410679640498e-02 -2.764538228695566022e-02 -6.054750494557108176e-02 1.435101361196793393e-02 9.998461487812942972e-01 -1.007665737225200975e-02 -3.870644374705698582e-02 2.778842891838830334e-02 9.675016090048903922e-03 9.995669049959258201e-01 1.793355498798115955e+00 0.000000000000000000e+00 0.000000000000000000e+00 0.000000000000000000e+00 1.000000000000000000e+00
9.994779664971029653e-01 -1.678194294053639637e-02 -2.759290481713365731e-02 -6.153571436456613947e-02 1.655214768994255417e-02 9.998264447072452432e-01 -8.535891051550349370e-03 -3.933323007426791501e-02 2.773127207589579091e-02 8.074745082720531306e-03 9.995826963133765952e-01 1.816622897876098541e+00 0.000000000000000000e+00 0.000000000000000000e+00 0.000000000000000000e+00 1.000000000000000000e+00
9.994559744839087712e-01 -1.830725186319099099e-02 -2.741877200968173556e-02 -6.252797167685159030e-02 1.808150708510135665e-02 9.998005871110510201e-01 -8.459088214590411436e-03 -3.991144966168763686e-02 2.756807356119186578e-02 7.958746676260383679e-03 9.995881589902592124e-01 1.839389754817289280e+00 0.000000000000000000e+00 0.000000000000000000e+00 0.000000000000000000e+00 1.000000000000000000e+00
9.994425480472109991e-01 -1.922137977563929956e-02 -2.728294297745012878e-02 -6.342632137176874851e-02 1.894489147254470665e-02 9.997667103334492156e-01 -1.035722148416426749e-02 -4.048169868548576189e-02 2.747558385196164840e-02 9.834610338509188268e-03 9.995739731269017714e-01 1.861865745820808993e+00 0.000000000000000000e+00 0.000000000000000000e+00 0.000000000000000000e+00 1.000000000000000000e+00
9.994797737506565527e-01 -1.745397361105674450e-02 -2.710579116654800169e-02 -6.440987439452533492e-02 1.710351043665200160e-02 9.997676287972402376e-01 -1.310838484143053533e-02 -4.111194542624289905e-02 2.732822587135088493e-02 1.263799850531234677e-02 9.995464854400307741e-01 1.884622024172153409e+00 0.000000000000000000e+00 0.000000000000000000e+00 0.000000000000000000e+00 1.000000000000000000e+00
9.995310133246466666e-01 -1.536989719947926859e-02 -2.647045771658497471e-02 -6.542619884407535613e-02 1.495926654577214160e-02 9.997655937712539576e-01 -1.564191049293535071e-02 -4.179927447995491346e-02 2.670461369057847492e-02 1.523863613606073371e-02 9.995270898514939661e-01 1.907250779278948594e+00 0.000000000000000000e+00 0.000000000000000000e+00 0.000000000000000000e+00 1.000000000000000000e+00
9.996020311996558494e-01 -1.205191265495531537e-02 -2.548828931043837023e-02 -6.653685494211757090e-02 1.165364742338089767e-02 9.998083894801493843e-01 -1.571698785406316912e-02 -4.257980627381505873e-02 2.567276993121817702e-02 1.541373184517653462e-02 9.995514485756122891e-01 1.930352513088194444e+00 0.000000000000000000e+00 0.000000000000000000e+00 0.000000000000000000e+00 1.000000000000000000e+00
9.996433908561658255e-01 -1.048304461579783846e-02 -2.454306351225855540e-02 -6.755481748487852933e-02 1.014167486614918692e-02 9.998504984240486060e-01 -1.399275352143873261e-02 -4.338098964719119821e-02 2.468602432070943209e-02 1.373888483260457712e-02 9.996007552944562446e-01 1.953813442918171051e+00 0.000000000000000000e+00 0.000000000000000000e+00 0.000000000000000000e+00 1.000000000000000000e+00
9.996598812443289184e-01 -9.756412570714518076e-03 -2.416859463199564836e-02 -6.852967890998155898e-02 9.466481476913021775e-03 9.998820002047514865e-01 -1.208179958976538654e-02 -4.412024239961299943e-02 2.428357290739180385e-02 1.184892390907452825e-02 9.996347916810675027e-01 1.977090638944587919e+00 0.000000000000000000e+00 0.000000000000000000e+00 0.000000000000000000e+00 1.000000000000000000e+00
9.996615244868671812e-01 -1.037709736294519479e-02 -2.383791007432644465e-02 -6.940801510229682725e-02 1.009601257983534783e-02 9.998782177958750461e-01 -1.188155476449279623e-02 -4.482559796258804574e-02 2.395824457278960054e-02 1.163691142284330182e-02 9.996451473474561311e-01 2.000308337350356958e+00 0.000000000000000000e+00 0.000000000000000000e+00 0.000000000000000000e+00 1.000000000000000000e+00
9.996769022581322162e-01 -9.701238349798921648e-03 -2.347522816616642860e-02 -7.029360161909306570e-02 9.403725825609641348e-03 9.998742243755889270e-01 -1.275122710612501889e-02 -4.558443681826753607e-02 2.359589612935424421e-02 1.252638916866057918e-02 9.996429822046407621e-01 2.023674912243729196e+00 0.000000000000000000e+00 0.000000000000000000e+00 0.000000000000000000e+00 1.000000000000000000e+00
9.997172266361223913e-01 -6.741302480448225706e-03 -2.278370260494855248e-02 -7.118723933660196790e-02 6.426975026046599475e-03 9.998832798971998281e-01 -1.384178816828174861e-02 -4.635998827697752206e-02 2.287426470833589867e-02 1.369147636006808749e-02 9.996444759112000922e-01 2.046874925101128895e+00 0.000000000000000000e+00 0.000000000000000000e+00 0.000000000000000000e+00 1.000000000000000000e+00
9.997357220339955219e-01 -5.313644754190140207e-03 -2.234541433856657502e-02 -7.202555521534806382e-02 4.995838724818050039e-03 9.998857017182049001e-01 -1.425454773530523619e-02 -4.717392819437296603e-02 2.241852305673661463e-02 1.413919131891936548e-02 9.996485710020736049e-01 2.070637096776146269e+00 0.000000000000000000e+00 0.000000000000000000e+00 0.000000000000000000e+00 1.000000000000000000e+00
9.997544888219876968e-01 -4.235751965834894973e-03 -2.172872743261607814e-02 -7.284787135314363393e-02 3.896765550535409746e-03 9.998701964810486897e-01 -1.561962071975073543e-02 -4.799740935219123233e-02 2.179199400919573995e-02 1.553116244344883434e-02 9.996417576445585373e-01 2.094443411191206916e+00 0.000000000000000000e+00 0.000000000000000000e+00 0.000000000000000000e+00 1.000000000000000000e+00
9.997674680413564108e-01 -2.986202273536163205e-03 -2.133523169907640751e-02 -7.360984730219111150e-02 2.631101077858116928e-03 9.998576270099798213e-01 -1.665284623830025346e-02 -4.885576257680834811e-02 2.138183973633461799e-02 1.659288358499377142e-02 9.996335701638360272e-01 2.117765411683477872e+00 0.000000000000000000e+00 0.000000000000000000e+00 0.000000000000000000e+00 1.000000000000000000e+00
9.997780093340218333e-01 -3.748943333811962254e-03 -2.071175772637390625e-02 -7.439245265106193827e-02 3.394242039147976533e-03 9.998471709437037891e-01 -1.713459152357052831e-02 -4.969834235975784109e-02 2.077274691752821825e-02 1.706053355827441206e-02 9.996385534286633678e-01 2.141328745625009411e+00 0.000000000000000000e+00 0.000000000000000000e+00 0.000000000000000000e+00 1.000000000000000000e+00
9.997841285422846003e-01 -4.236938139907294940e-03 -2.031978653006788482e-02 -7.523532117362824456e-02 3.902067389478125047e-03 9.998561049841150350e-01 -1.649154881801458139e-02 -5.053253083707240356e-02 2.038664916262804966e-02 1.640874870558279436e-02 9.996573988986359183e-01 2.164643910548583516e+00 0.000000000000000000e+00 0.000000000000000000e+00 0.000000000000000000e+00 1.000000000000000000e+00
9.997872268670613405e-01 -5.352747793955046386e-03 -1.990010708218313898e-02 -7.608235202691891741e-02 5.035313557089888571e-03 9.998595370404824711e-01 -1.596784500876720012e-02 -5.137513409272986831e-02 1.998271444420693724e-02 1.586427913183877103e-02 9.996743307516721133e-01 2.188037937435761027e+00 0.000000000000000000e+00 0.000000000000000000e+00 0.000000000000000000e+00 1.000000000000000000e+00
9.997788781917978929e-01 -5.963197636785076867e-03 -2.014342693869470430e-02 -7.684345882651799631e-02 5.643895159220723746e-03 9.998578299824737448e-01 -1.587179690068610954e-02 -5.223698029822074901e-02 2.023513609996485316e-02 1.575462473128559637e-02 9.996709616597558856e-01 2.211837062768034823e+00 0.000000000000000000e+00 0.000000000000000000e+00 0.000000000000000000e+00 1.000000000000000000e+00
9.997565502056490194e-01 -8.054992354466191176e-03 -2.051988746049321008e-02 -7.763702230843434748e-02 7.728912755254536103e-03 9.998430791410115592e-01 -1.592149027289928992e-02 -5.307513591162821981e-02 2.064484168918546622e-02 1.575904038232275178e-02 9.996625273785906263e-01 2.235603997137812549e+00 0.000000000000000000e+00 0.000000000000000000e+00 0.000000000000000000e+00 1.000000000000000000e+00
